#Apogee (m) = 265.20

#Error code = 2 
#Time (s) Altitude (m)
0.00 27.70
0.25 -30.10
0.50 -33.90
0.75 28.20
1.00 72.50
1.25 42.40
1.50 -5.00
1.75 13.60
2.00 85.90
2.25 121.40
2.50 87.50
2.75 54.70
3.00 92.20
3.25 165.20
3.50 185.30
3.75 140.10
4.00 114.70
4.25 163.20
4.50 230.30
4.75 196.10
5.00 204.90
5.25 212.90
5.50 219.50
5.75 228.10
6.00 234.60
6.25 240.70
6.50 244.80
6.75 249.00
7.00 254.40
7.25 256.50
7.50 260.60
7.75 262.10
8.00 262.40
8.25 265.00
8.50 265.20
8.75 263.40
9.00 263.40
9.25 261.60
9.50 260.00
9.75 256.10
10.00 252.70
10.25 249.80
10.50 245.00
10.75 239.80
11.00 233.30
11.25 226.70
11.50 220.30
11.75 212.70
12.00 204.10
12.25 195.00
12.50 228.70
12.75 211.40
13.00 141.10
13.25 106.20
13.50 142.20
13.75 178.20
14.00 141.00
14.25 67.10
14.50 44.10
14.75 86.10
15.00 108.30
15.25 55.00
15.50 -18.20
15.75 -29.10
16.00 13.60
16.25 17.90
16.50 -49.30
16.75 -117.70
17.00 -113.70
17.25 -75.00
17.50 -89.60
17.75 -167.20
18.00 -228.30
18.25 -213.90
18.50 -182.60
18.75 -215.60
19.00 -300.90
19.25 -349.10
19.50 -328.50
19.75 -307.80
20.00 -358.40
20.25 -447.10
20.50 -485.30
20.75 -458.00
21.00 -450.10
21.25 -480.30
21.50 -393.30
21.75 -368.10
22.00 -397.60
22.25 -387.40
22.50 -304.00
22.75 -220.50
23.00 -210.10
23.25 -234.50
23.50 -206.10
23.75 -112.50
24.00 -37.80
24.25 -36.60
24.50 -54.40
24.75 -6.30
25.00 93.70
25.25 157.90
25.50 152.30
25.75 144.90
26.00 210.40
26.25 314.20
26.50 365.90
26.75 354.70
27.00 363.40
27.25 444.10
27.50 548.40
27.75 587.30
28.00 573.90
28.25 600.00
28.50 600.50
28.75 600.40
29.00 599.40
29.25 599.10
29.50 600.70
29.75 600.70
30.00 599.90
30.25 599.30
30.50 599.40
30.75 600.50
31.00 600.80
31.25 600.50
