# t (s), h(m), v (m/s), estado (R=readyToLaunch, F=flying, D=Drogue, P=Parachute, L=landed(recovered))
# rRocket v.1.5.5

0.250 0.61 0.03 R
0.500 -0.50 0.04 R
0.750 -0.85 -0.03 R
1.000 0.32 -0.06 R
1.250 0.86 0.00 R
1.500 -0.46 0.02 R
1.750 0.09 -0.07 R
2.000 0.76 -0.03 R
2.250 0.85 0.21 R
2.500 0.42 0.34 R
2.750 -0.12 0.22 R
3.000 -0.67 0.14 R
3.250 -0.02 0.17 R
3.500 37.39 2.16 R
3.750 41.93 6.31 R
4.000 -17.10 7.52 R
4.250 -50.16 3.82 R
4.500 -8.22 0.69 R
4.750 0.68 0.32 R
5.000 0.22 -3.73 R
5.250 -0.39 -12.47 R
5.500 -0.66 -15.21 R
5.750 0.42 -7.74 R
6.000 -0.69 -1.31 R
6.250 0.12 -0.54 R
6.500 0.87 1.49 R
6.750 -0.80 5.92 R
7.000 -0.44 7.35 R
7.250 0.63 3.65 R
7.500 -0.33 0.45 R
7.750 -0.81 0.03 R
8.000 0.65 -0.04 R
8.250 0.02 -0.02 R
8.500 -0.47 0.04 R
8.750 0.62 0.01 R
9.000 0.27 0.01 R
9.250 0.96 0.18 R
9.500 -0.70 0.26 R
9.750 0.16 0.16 R
10.000 0.64 0.19 R
10.250 49.84 2.98 R
10.500 27.79 7.22 R
10.750 -30.06 6.89 R
11.000 -33.83 3.30 R
11.250 28.22 3.09 R
11.500 72.54 8.58 R
11.750 42.41 9.36 R
12.000 -4.92 2.87 R
12.250 13.65 3.67 R
12.500 85.97 16.32 R
12.750 121.41 28.43 R
13.000 87.50 28.89 R
13.250 54.71 26.82 R
13.500 92.27 35.13 R
13.754 165.24 48.34 F
14.004 185.38 53.20 F
14.255 140.14 47.94 F
14.504 114.77 44.48 F
14.754 163.22 50.51 F
15.004 230.31 58.12 F
15.254 196.14 53.69 F
15.504 204.91 42.55 F
15.754 212.94 41.11 F
16.004 219.55 48.42 F
16.254 228.15 50.31 F
16.504 234.68 40.46 F
16.754 240.75 33.80 F
17.004 244.82 35.69 F
17.254 249.05 34.78 F
17.504 254.44 28.86 F
17.754 256.54 22.95 F
18.004 260.66 22.12 F
18.254 262.11 22.03 F
18.504 262.40 19.50 F
18.754 265.02 17.14 F
19.004 265.23 14.68 F
19.254 263.42 12.15 F
19.504 263.45 9.66 F
19.755 261.69 7.16 F
20.004 260.04 4.85 F
20.254 256.17 2.36 D
20.504 252.76 -0.31 D
20.754 249.85 -2.74 D
21.004 245.00 -5.06 D
21.254 239.83 -7.43 D
21.505 233.36 -9.97 D
21.754 226.75 -12.46 D
22.004 220.31 -14.71 D
22.254 212.75 -17.13 D
22.504 204.17 -19.68 D
22.754 195.07 -22.20 D
23.004 228.75 -22.25 D
23.255 211.46 -20.24 D
23.504 141.14 -22.05 D
23.754 106.25 -28.50 D
24.004 142.23 -33.52 D
24.254 178.27 -33.14 D
24.504 141.05 -36.21 D
24.754 67.11 -47.99 P
25.005 44.19 -56.15 P
25.254 86.14 -52.34 P
25.504 108.37 -45.98 P
25.754 55.02 -50.33 P
26.004 -18.15 -60.22 P
26.254 -29.04 -61.51 P
26.504 13.69 -55.14 P
26.755 17.94 -54.12 P
27.004 -49.21 -63.67 P
27.254 -117.62 -73.28 P
27.504 -113.61 -72.49 P
27.754 -74.98 -66.16 P
28.004 -89.54 -67.41 P
28.250 -167.11 -77.94 P
28.505 -228.28 -85.63 P
28.754 -213.87 -82.58 P
29.004 -182.50 -76.86 P
29.254 -215.57 -80.64 P
29.504 -300.83 -91.90 P
29.754 -349.02 -97.73 P
30.004 -328.47 -93.17 P
30.255 -307.78 -88.66 P
30.504 -358.32 -94.47 P
30.754 -447.08 -105.46 P
31.004 -485.28 -109.02 P
31.254 -457.97 -103.48 P
31.504 -450.09 -100.62 P
31.757 -519.79 -108.37 P
32.004 -606.74 -118.96 P
32.254 -632.00 -120.41 P
32.500 -602.50 -114.09 P
32.754 -612.63 -112.89 P
33.004 -696.08 -122.34 P
33.254 -779.54 -131.90 P
33.504 -789.92 -130.92 P
33.754 -765.56 -124.45 P
34.004 -793.96 -125.72 P
34.254 -887.51 -136.52 P
34.504 -962.20 -144.32 P
34.754 -963.50 -141.23 P
35.004 -945.69 -135.50 P
35.254 -993.78 -139.23 P
35.504 -1093.77 -150.51 P
35.755 -1157.97 -156.28 P
36.004 -1152.38 -151.82 P
36.254 -1144.93 -147.46 P
36.504 -1210.45 -153.37 P
36.754 -1314.29 -164.56 P
37.004 -1365.94 -168.15 P
37.254 -1354.79 -162.52 P
37.505 -1363.41 -159.59 P
37.754 -1444.18 -167.29 P
38.004 -1548.41 -177.90 P
38.254 -1587.32 -179.33 P
38.504 -1573.98 -173.13 P
38.754 -1600.09 -172.26 P
39.003 -1600.55 -176.41 P
39.255 -1600.42 -169.91 P
39.504 -1599.48 -146.03 P
39.754 -1599.19 -115.58 P
40.004 -1600.75 -91.00 P
40.254 -1600.75 -67.34 P
40.503 -1599.99 -40.55 P
40.754 -1599.37 -18.60 P
41.005 -1599.46 -7.02 P
41.254 -1600.52 -3.60 P
41.500 -1600.81 -1.53 P
41.754 -1600.56 0.00 P
42.000 -1599.31 0.05 L
42.250 -1600.27 -0.05 L
42.500 -1599.93 -0.18 L
42.750 -1600.55 -0.14 L
43.000 -1600.21 -0.03 L
43.250 -1600.27 0.01 L
43.500 -1599.52 -0.03 L
43.750 -1599.31 0.02 L
44.000 -1599.82 0.16 L
44.250 -1599.90 0.23 L
44.500 -1600.68 0.21 L
44.750 -1599.75 0.16 L
45.000 -1599.11 0.21 L
45.250 -1600.23 0.14 L
45.500 -1600.57 -0.01 L
45.750 -1600.46 -0.13 L