# t (s), h(m), v (m/s), estado (R=readyToLaunch, F=flying, D=Drogue, P=Parachute, L=landed(recovered))
# rRocket v.1.5.5

0.250 0.61 0.03 R
0.500 -0.50 0.04 R
0.750 -0.85 -0.03 R
1.000 0.32 -0.06 R
1.250 0.86 0.00 R
1.500 -0.46 0.02 R
1.750 0.09 -0.07 R
2.000 0.76 -0.03 R
2.250 0.85 0.21 R
2.500 0.42 0.34 R
2.750 -0.12 0.22 R
3.000 -0.67 0.14 R
3.250 -0.02 0.17 R
3.500 37.39 2.16 R
3.750 41.93 6.31 R
4.000 -17.10 7.52 R
4.250 -50.16 3.82 R
4.500 -8.22 0.69 R
4.750 0.68 0.32 R
5.000 0.22 -3.73 R
5.250 -0.39 -12.47 R
5.500 -0.66 -15.21 R
5.750 0.42 -7.74 R
6.000 -0.69 -1.31 R
6.250 0.12 -0.54 R
6.500 0.87 1.49 R
6.750 -0.80 5.92 R
7.000 -0.44 7.35 R
7.250 0.63 3.65 R
7.500 -0.33 0.45 R
7.750 -0.81 0.03 R
8.000 0.65 -0.04 R
8.250 0.02 -0.02 R
8.500 -0.47 0.04 R
8.750 0.62 0.01 R
9.000 0.27 0.01 R
9.250 0.96 0.18 R
9.500 -0.70 0.26 R
9.750 0.16 0.16 R
10.000 0.64 0.19 R
10.250 49.54 2.97 R
10.500 26.57 7.11 R
10.750 -32.81 6.57 R
11.000 -38.73 2.56 R
11.250 20.57 1.64 R
11.500 61.52 6.09 R
11.750 27.40 5.46 R
12.000 -24.52 -2.78 R
12.250 -11.16 -4.00 R
12.500 55.34 6.41 R
12.750 84.35 16.16 R
13.000 43.41 14.19 R
13.250 51.56 12.37 R
13.500 58.46 22.39 R
13.750 63.73 32.80 R
14.004 68.58 31.26 F
14.255 72.46 22.57 F
14.504 76.57 21.21 F
14.754 80.60 24.33 F
15.004 84.11 21.42 F
15.254 85.89 15.30 F
15.504 87.31 12.68 F
15.754 87.99 14.51 F
16.004 87.25 14.78 F
16.254 88.50 12.36 F
16.504 87.68 9.96 F
16.754 86.40 7.53 F
17.004 83.12 5.05 F
17.254 80.00 2.47 D
17.504 78.04 0.06 D
17.754 72.79 -2.36 D
18.004 69.56 -4.87 D
18.254 63.66 -7.37 D
18.504 56.60 -9.90 D
18.754 51.87 -12.26 P
19.004 44.73 -14.72 P
19.254 39.13 -17.05 P
19.504 40.07 -18.68 P
19.755 39.85 -19.38 P
20.004 40.34 -18.87 P
20.254 39.23 -17.44 P
20.503 39.19 -15.03 P
20.753 40.26 -11.56 P
21.004 40.00 -7.99 P
21.254 40.03 -5.02 P
21.505 39.39 -2.84 P
21.754 39.21 -1.29 P
22.004 39.81 -0.24 P
22.254 39.90 0.02 P
22.500 39.60 -0.08 L
22.750 39.38 -0.15 L
23.000 39.25 -0.15 L
23.250 40.01 -0.06 L
23.500 40.76 0.00 L
23.750 40.50 0.07 L
24.000 40.13 0.18 L
24.250 40.43 0.33 L
24.500 39.67 0.45 L
24.750 39.88 0.43 L
25.000 39.29 0.25 L
25.250 40.00 0.05 L
25.500 40.79 -0.00 L
25.750 40.74 -0.04 L
26.000 40.66 -0.05 L
26.250 39.27 -0.04 L