#Apogee (m) = 306.50

#Error code = 0
#Time (s) Altitude (m)
0.00 0.00
0.25 -0.60
0.50 -4.50
0.75 -88.00
1.00 -160.60
1.25 -148.60
1.50 -110.10
1.75 -49.30
2.00 1.70
2.25 41.00
2.50 65.10
2.75 78.70
3.00 131.90
3.25 148.60
3.50 162.80
3.75 215.80
4.00 231.90
4.25 238.60
4.50 270.20
4.75 266.90
5.00 274.60
5.25 299.00
5.50 296.80
5.75 296.50
6.00 306.30
6.25 301.60
6.50 302.00
6.75 295.30
7.00 296.00
7.25 305.90
7.50 306.50
7.75 303.00
8.00 304.00
8.25 288.10
8.50 272.50
8.75 256.70
9.00 246.60
9.25 232.30
9.50 221.20
9.75 211.30
10.00 201.70
10.25 192.60
10.50 186.90
10.75 178.80
11.00 171.30
11.25 163.70
11.50 157.40
11.75 152.00
12.00 145.90
12.25 139.30
12.50 133.30
12.75 128.00
13.00 123.30
13.25 118.20
13.50 113.30
13.75 108.10
14.00 103.80
14.25 99.90
14.50 95.80
14.75 91.20
15.00 87.30
15.25 83.50
15.50 79.90
15.75 76.70
16.00 73.20
16.25 69.90
16.50 66.60
16.75 63.60
17.00 61.20
17.25 58.50
17.50 55.60
17.75 52.90
18.00 50.00
18.25 48.30
18.50 46.20
18.75 44.10
19.00 42.00
19.25 39.50
19.50 37.90
19.75 36.30
20.00 34.50
20.25 32.60
20.50 30.60
20.75 29.40
21.00 28.10
21.25 26.50
21.50 25.00
21.75 24.00
22.00 22.70
22.25 21.70
22.50 20.60
22.75 19.20
23.00 18.10
23.25 17.20
23.50 16.30
23.75 15.40
24.00 14.60
24.25 13.60
24.50 13.00
24.75 12.30
25.00 11.80
25.25 10.90
25.50 10.30
25.75 9.40
26.00 9.20
26.25 8.50
26.50 8.00
26.75 7.60
27.00 6.90
27.25 6.90
27.50 6.30
27.75 5.90
28.00 5.40
28.25 4.90
28.50 4.80
28.75 4.50
29.00 4.10
29.25 3.80
29.50 3.50
29.75 3.20
30.00 2.90
30.25 2.80
30.50 2.60
30.75 2.40
31.00 2.20
31.25 1.80
31.50 1.60
31.75 1.50
32.00 1.40
