0.126 0.0 60 0 0
0.204 -0.0 60 0 1
0.283 0.0 61 0 0
0.361 0.1 61 0 0
0.440 0.1 60 0 0
0.519 0.1 60 0 1
0.596 0.4 62 0 1
0.675 0.2 60 0 0
0.753 -0.1 60 1 0
0.832 -0.1 60 2 0
0.911 -0.0 58 1 0
0.989 0.1 60 0 0
1.068 -0.1 59 1 0
1.145 0.0 59 0 1
1.224 -0.2 59 0 0
1.303 -0.0 57 1 0
1.381 -0.3 58 1 2
1.460 -0.2 58 0 0
1.538 -0.0 61 0 0
1.616 0.1 59 0 1
1.695 0.1 58 0 2
1.773 0.1 58 0 0
1.852 -0.1 57 0 0
1.930 -0.0 58 0 0
2.009 -0.1 59 0 0
2.087 -0.3 58 2 4
2.165 -0.0 57 0 0
2.244 -0.0 57 1 0
2.322 -0.0 57 0 0
2.401 -0.3 58 0 0
2.480 -0.2 58 0 1
2.557 -0.2 57 0 0
2.636 -0.3 58 1 0
2.714 -0.2 57 1 0
2.793 -0.0 58 1 1
2.871 -0.2 56 0 0
2.950 0.1 57 0 0
3.028 -0.1 56 0 1
3.106 -0.1 56 0 0
3.185 -0.4 57 0 0
3.263 -0.1 56 1 1
3.342 -0.1 56 1 0
3.421 0.0 56 0 0
3.499 0.0 56 3 0
3.577 0.1 56 2 2
3.655 -0.1 55 0 0
3.734 0.1 56 1 0
3.813 0.1 54 0 0
3.891 0.1 55 1 0
3.970 0.1 55 0 3
4.047 0.1 56 0 0
4.126 0.2 55 3 0
4.205 -0.1 55 0 0
4.283 0.2 55 0 1
4.362 -0.0 55 1 1
4.440 -0.1 55 0 0
4.518 0.0 54 0 0
4.597 -0.1 54 0 2
4.675 -0.2 55 1 0
4.754 0.0 54 0 0
4.832 -0.0 54 0 0
4.911 0.2 54 0 0
4.989 -0.1 51 0 0
5.067 -0.1 54 0 0
5.146 0.1 56 0 1
5.224 0.2 54 1 0
5.303 -0.3 54 0 0
5.382 -0.3 54 0 1
5.459 -0.1 54 0 1
5.538 0.1 53 2 0
5.616 -0.1 53 1 2
5.695 -0.1 54 1 2
5.774 0.2 53 0 0
5.852 -0.1 53 1 0
5.931 0.1 52 2 1
6.008 -0.3 53 0 2
6.087 -0.2 54 0 0
6.166 0.1 53 2 0
6.244 -0.2 52 2 0
6.323 -0.1 53 0 0
6.401 -0.0 51 1 2
6.479 -0.3 53 1 1
6.558 -0.0 213 0 0
6.636 -0.1 350 0 0
6.715 0.1 455 0 0
6.793 0.1 538 6 3
6.872 0.0 601 2 0
6.950 -0.1 650 5 1
7.028 -0.2 691 0 2
7.107 -0.0 722 2 2
7.186 0.0 746 1 0
7.264 0.1 765 3 0
7.343 -0.3 782 6 6
7.421 0.0 792 2 0
7.499 0.0 801 0 2
7.578 0.1 811 0 3
7.657 -0.0 816 2 0
7.735 0.1 821 0 0
7.814 0.0 824 0 0
7.891 -0.0 830 1 1
7.970 0.0 830 0 0
8.049 -0.3 830 0 0
8.127 0.0 834 2 1
8.206 0.1 837 0 0
8.285 -0.1 836 0 0
8.363 0.1 837 3 2
8.441 0.2 840 0 1
8.520 -0.2 838 0 0
8.598 -0.0 839 6 0
8.677 0.2 840 2 0
8.755 0.0 841 0 1
8.834 0.0 839 2 0
8.912 0.2 840 0 0
8.990 0.1 842 0 0
9.069 0.1 840 1 0
9.148 -0.0 840 0 0
9.226 0.1 842 2 0
9.305 0.3 841 2 0
9.383 -0.0 840 1 4
9.461 0.1 841 0 0
9.540 0.0 843 2 0
9.619 -0.4 840 0 0
9.697 -0.1 840 0 0
9.776 0.1 842 0 0
9.853 -0.2 841 0 0
9.932 -0.1 840 3 0
10.011 -0.1 840 3 1
10.089 0.3 842 0 0
10.168 -0.2 839 0 0
10.247 -0.2 840 0 0
10.326 0.0 843 7 0
10.403 -0.2 840 0 1
10.482 0.0 840 0 0
10.561 -0.1 841 3 0
10.639 -0.3 843 5 0
10.718 -0.1 841 1 0
10.797 0.2 840 3 0
10.874 -0.1 842 1 0
10.953 -0.2 841 3 0
11.032 -0.2 840 5 1
11.110 0.2 841 2 3
11.189 0.2 840 3 0
11.268 0.0 837 0 0
11.346 -0.0 837 2 2
11.424 0.0 839 2 0
11.503 0.2 837 0 1
11.582 -0.2 836 5 0
11.660 -0.1 837 6 4
11.739 -0.0 839 0 0
11.817 -0.2 836 2 0
11.895 -0.3 837 0 0
11.974 -0.1 836 6 2
12.053 -0.2 838 0 0
12.131 -0.1 839 1 0
12.210 -0.2 839 6 0
12.289 -0.2 841 1 0
12.367 -0.3 839 0 0
12.445 -0.1 839 4 0
12.524 -0.4 841 3 1
12.603 -0.4 839 0 0
12.681 -0.1 837 1 0
12.760 0.0 837 0 1
12.838 0.1 838 2 0
12.916 -0.0 836 1 0
12.995 -0.0 836 0 0
13.074 0.1 838 0 0
13.153 -0.0 835 0 0
13.231 -0.1 835 2 0
13.309 -0.2 836 2 0
13.388 -0.1 838 2 2
13.466 0.0 836 2 0
13.545 -0.1 838 2 1
13.624 0.1 839 6 1
13.702 0.1 838 0 0
13.780 0.1 838 0 1
13.859 -0.0 839 1 2
13.938 -0.2 841 5 0
14.016 -0.1 839 0 0
14.095 -0.1 838 1 0
14.174 0.1 839 2 2
14.252 -0.2 837 0 0
14.330 -0.3 835 1 0
14.409 -0.5 835 2 0
14.487 -0.5 836 0 0
14.566 -0.2 838 0 0
14.645 -0.4 835 2 0
14.723 -0.2 837 0 4
14.801 -0.3 834 2 0
14.880 -0.1 835 1 0
14.959 0.0 837 2 1
15.037 -0.2 838 0 0
15.116 -0.1 838 0 2
15.195 0.0 837 3 0
15.272 -0.4 840 2 0
15.351 -0.2 838 0 0
15.430 -0.1 838 2 0
15.508 -0.5 838 0 0
15.587 -0.1 840 0 0
15.666 -0.3 837 0 0
15.745 -0.4 836 0 0
15.822 -0.1 837 6 0
15.901 0.0 835 2 0
15.980 -0.1 835 3 0
16.058 0.1 836 3 0
16.137 0.0 836 0 0
16.216 -0.0 835 0 7
16.293 -0.1 834 2 0
16.372 -0.1 837 0 0
16.451 -0.2 835 2 0
16.529 -0.3 835 2 0
16.608 0.1 838 2 0
16.687 -0.5 838 0 0
16.765 -0.3 837 7 0
16.843 -0.3 838 0 3
16.922 -0.2 839 6 0
17.001 0.1 839 1 0
17.079 -0.2 837 2 0
17.158 -0.1 837 1 0
17.236 -0.2 836 2 0
17.314 -0.2 835 0 6
17.393 -0.4 834 4 0
17.472 -0.2 837 1 0
17.551 -0.2 834 0 0
17.629 -0.1 834 2 0
17.708 -0.2 835 2 0
17.786 -0.0 835 2 0
17.864 -0.0 835 0 0
17.943 0.1 837 2 0
18.022 -0.1 836 1 0
18.100 -0.0 836 2 0
18.179 -0.2 836 0 0
18.257 -0.1 838 0 2
18.335 -0.3 838 0 0
18.414 -0.3 838 0 0
18.493 0.0 837 2 0
18.572 0.0 840 0 2
18.650 -0.0 835 0 0
18.728 -0.0 835 4 0
18.807 0.0 836 2 1
18.885 0.2 835 0 0
18.964 -0.2 834 2 0
19.043 -0.1 834 5 0
19.121 0.0 836 0 0
19.200 0.3 834 0 0
19.278 -0.2 834 0 0
19.356 -0.0 835 0 0
19.435 -0.3 835 0 1
19.514 -0.2 835 2 3
19.593 -0.1 836 4 0
19.671 -0.3 838 2 1
19.749 -0.2 837 2 0
19.828 -0.2 836 0 1
19.906 -0.2 841 3 1
19.985 -0.3 838 0 0
20.064 -0.2 836 0 0
20.142 -0.2 836 2 0
20.220 -0.1 836 5 1
20.299 -0.4 834 0 0
20.378 -0.6 834 2 0
20.456 -0.5 836 2 2
20.535 -0.2 833 0 0
20.614 -0.3 832 1 0
20.691 -0.6 833 3 1
20.770 -0.5 835 0 0
20.849 -0.1 833 1 0
20.927 -0.3 833 0 1
21.006 -0.3 836 5 0
21.085 -0.3 837 0 0
21.164 -0.2 835 0 0
21.241 -0.2 836 3 2
21.320 -0.3 837 2 0
21.399 -0.4 835 0 0
21.477 -0.4 836 4 0
21.556 -0.3 839 0 0
21.635 -0.6 834 2 0
21.712 -1.1 834 0 1
21.791 -0.2 835 3 0
21.870 -0.1 836 3 1
21.949 -0.2 833 6 0
22.027 -0.4 833 0 0
22.106 -0.6 835 0 1
22.184 -0.4 832 0 0
22.262 -0.1 833 2 0
22.341 -0.2 834 2 1
22.420 -0.9 836 4 0
22.498 -0.5 834 2 0
22.577 -0.6 835 0 2
22.656 -0.3 837 7 0
22.734 -0.6 835 0 0
22.812 -0.6 835 2 0
22.891 -0.9 837 0 0
22.970 -0.1 837 3 0
23.048 -2.7 836 7 0
23.127 -0.5 835 4 0
23.205 0.4 836 4 0
23.283 0.5 833 1 0
23.362 -0.1 833 2 2
23.441 -0.1 834 6 0
23.519 -2.2 834 0 0
23.598 -0.8 832 0 0
23.676 -0.5 833 6 3
23.755 -0.6 834 4 0
23.833 -1.1 833 0 0
23.912 -0.7 833 1 0
23.991 0.6 835 1 0
24.069 0.1 836 6 0
24.147 -0.3 835 8 0
24.226 -0.3 836 4 0
24.304 -0.2 837 0 2
24.383 -0.2 836 0 0
24.462 -0.2 836 6 0
24.541 -0.5 837 0 2
24.619 -0.6 836 0 0
24.697 -0.2 833 0 0
24.776 0.6 833 2 0
24.854 0.2 835 4 3
24.933 -0.3 833 1 0
25.012 -1.8 833 1 0
25.090 -9.7 833 0 0
25.168 -18.0 833 0 0
25.247 -19.0 831 4 1
25.326 -22.4 832 0 1
25.404 -23.5 834 5 0
25.483 -25.2 833 2 0
25.562 -28.9 833 3 0
25.640 -29.1 836 0 0
25.718 -30.0 836 1 0
25.797 -28.0 834 0 0
25.876 -30.2 835 3 0
25.955 -31.5 837 0 1
26.033 -31.5 835 2 0
26.112 -32.7 835 0 0
26.190 -30.1 835 0 0
26.269 -31.2 835 5 3
26.347 -28.9 832 2 0
26.426 -27.8 832 4 2
26.505 -27.8 834 2 2
26.584 -26.8 833 0 0
26.661 -22.2 832 7 0
26.740 -13.4 832 5 0
26.819 -10.9 833 3 0
26.898 -8.2 833 0 0
26.976 -2.1 834 4 0
27.055 0.6 835 6 2
27.133 5.0 834 0 0
27.211 5.7 835 0 0
27.290 2.4 836 3 0
27.369 -3.3 836 0 0
27.448 -10.0 834 2 7
27.526 -16.8 835 5 2
27.604 -19.2 836 1 2
27.683 -20.0 833 1 0
27.762 -21.5 833 1 0
27.840 -23.5 833 4 1
27.919 -25.8 833 0 2
27.998 -26.2 832 9 0
28.077 -25.2 831 3 3
28.154 -22.5 834 5 5
28.233 -10.3 832 1 1
28.312 -1.5 832 2 0
28.391 6.4 832 2 0
28.469 15.1 835 0 0
28.548 17.7 833 0 0
28.626 26.1 834 3 0
28.704 28.3 835 2 0
28.783 27.6 833 2 0
28.862 30.2 835 0 2
28.941 31.3 836 6 0
29.019 27.6 836 6 2
29.097 25.2 836 3 0
29.176 23.4 833 1 0
29.255 22.5 835 2 0
29.333 21.5 832 0 0
29.412 20.8 832 3 2
29.491 20.2 833 3 0
29.570 19.9 833 2 1
29.647 19.4 832 4 0
29.726 18.7 831 1 0
29.805 17.9 833 2 3
29.884 17.8 832 0 0
29.962 17.1 833 3 2
30.041 16.8 834 2 1
30.119 16.3 835 5 0
30.198 15.7 834 2 0
30.276 15.4 834 5 2
30.355 14.9 836 2 0
30.434 14.9 835 0 0
30.513 14.5 835 2 0
30.590 13.6 834 3 0
30.669 13.4 834 1 0
30.748 13.0 832 2 0
30.827 12.7 834 2 2
30.905 12.3 834 1 3
30.984 12.0 832 2 0
31.063 11.8 830 4 2
31.141 11.8 832 4 2
31.219 11.7 833 2 0
31.298 11.3 831 2 0
31.377 11.0 832 1 0
31.455 10.7 834 1 0
31.534 10.5 834 0 0
31.612 10.4 833 2 1
31.691 10.2 837 5 1
31.770 9.6 835 1 0
31.848 9.5 834 2 0
31.927 9.1 833 3 1
32.006 9.0 837 4 0
32.083 9.1 832 0 0
32.162 8.6 832 1 1
32.241 8.4 832 1 0
32.319 8.2 834 0 0
32.398 8.0 832 2 0
32.477 7.9 831 4 0
32.555 7.7 833 1 1
32.633 7.2 831 0 0
32.712 7.4 832 2 0
32.791 7.5 832 2 1
32.869 6.9 833 2 0
32.948 6.6 833 1 0
33.027 6.3 833 1 0
33.104 6.6 835 4 1
33.183 5.9 835 0 0
33.262 5.8 834 2 0
33.340 5.8 834 2 0
33.419 5.6 836 0 0
33.498 5.5 834 2 0
33.575 5.2 834 0 0
33.654 4.8 835 4 0
33.733 4.6 832 3 0
33.812 4.8 832 1 0
33.890 4.8 832 2 0
33.969 4.9 833 2 0
34.048 4.5 831 6 0
34.125 4.4 831 2 0
34.204 4.7 833 0 5
34.283 4.2 831 0 0
34.361 4.1 832 0 0
34.440 4.5 833 2 0
34.519 5.1 834 0 1
34.596 4.6 833 4 0
34.675 4.3 834 2 0
34.754 4.1 836 3 0
34.833 3.8 834 1 1
34.911 3.9 834 2 0
34.990 4.1 835 2 0
35.068 3.7 835 0 0
35.146 3.6 833 0 0
35.225 3.4 832 2 0
35.304 3.1 834 0 0
35.382 3.8 832 2 0
35.461 3.4 831 3 0
35.539 3.5 832 3 0
35.618 3.1 833 0 1
35.696 3.1 831 0 0
35.775 3.1 831 4 0
35.854 2.9 834 4 0
35.932 2.8 832 0 0
36.011 2.1 833 2 0
36.089 1.9 834 2 0
36.167 2.2 835 2 0
36.246 2.3 834 5 3
36.325 2.8 834 0 0
36.403 3.0 836 3 0
36.482 3.2 835 2 0
36.560 2.8 834 0 0
36.639 2.8 834 2 1
36.717 3.1 833 2 0
36.796 2.6 831 2 0
36.875 2.5 831 2 0
36.953 2.7 832 3 0
37.031 2.5 831 0 0
37.110 1.3 833 2 0
37.188 1.6 830 2 0
37.267 1.1 831 0 0
37.346 1.1 832 4 0
37.425 1.5 832 2 1
37.502 1.3 835 0 0
37.581 1.4 833 1 0
37.660 1.3 833 2 1
37.738 1.2 834 2 0
37.817 1.6 835 0 0
37.896 1.5 834 0 0
37.974 1.6 834 0 0
38.052 1.7 835 4 0
38.131 2.0 833 2 0
38.210 1.8 829 2 0
38.288 1.7 833 2 0
38.367 1.4 832 0 0
38.446 1.5 831 4 0
38.523 1.0 832 5 0
38.602 1.6 833 2 0
38.681 0.3 830 1 0
38.759 -2.5 831 0 0
38.838 -12.9 832 1 0
38.917 -39.5 832 1 0
38.995 -63.3 832 4 2
39.073 -83.7 832 3 0
39.152 -125.3 834 0 1
39.231 -151.2 834 0 0
39.310 -159.1 834 0 1
39.388 -153.9 835 1 1
39.467 -147.0 835 0 0
39.545 -142.2 834 0 1
39.624 -137.2 832 1 2
39.703 -125.8 834 3 0
39.781 -110.0 831 0 0
39.860 -70.9 831 1 0
39.939 -58.0 831 1 1
40.017 -48.4 832 3 0
40.095 -39.2 831 7 0
40.174 -29.7 829 2 0
40.253 0.9 832 4 0
40.332 17.2 831 0 0
40.410 30.0 831 2 0
40.488 37.2 833 2 1
40.567 41.6 834 3 0
40.646 55.4 833 0 0
40.724 62.8 832 3 0
40.803 66.5 835 0 2
40.882 67.9 833 1 0
40.961 73.2 836 1 0
41.038 89.0 834 2 1
41.117 108.3 833 0 0
41.196 125.8 832 1 0
41.275 132.2 832 0 0
41.353 138.7 833 0 1
41.432 149.6 830 1 0
41.510 150.1 830 0 2
41.589 150.5 831 1 1
41.668 152.3 832 1 0
41.746 156.3 830 0 0
41.825 173.2 829 1 1
41.904 189.5 832 0 0
41.982 203.4 830 0 0
42.060 214.9 830 3 0
42.139 223.3 830 1 1
42.218 232.9 832 3 0
42.297 235.0 829 2 0
42.376 236.8 829 0 0
42.454 239.1 832 0 0
42.532 240.1 830 1 0
42.611 245.6 829 0 0
42.690 255.2 830 0 2
42.769 268.5 832 0 0
42.847 275.7 829 1 0
42.926 274.7 830 1 1
43.004 269.2 830 3 0
43.083 268.3 830 2 0
43.161 268.9 830 4 0
43.240 270.1 829 3 0
43.319 273.6 831 2 0
43.398 290.7 829 0 0
43.476 298.8 829 2 0
43.554 301.9 830 1 0
43.633 300.8 831 0 0
43.712 298.9 828 0 0
43.791 296.1 829 1 0
43.870 291.7 831 2 5
43.948 291.5 830 0 0
44.026 294.5 829 1 0
44.105 315.6 830 0 0
44.184 312.3 831 2 0
44.262 309.0 829 2 0
44.341 306.8 829 2 0
44.420 305.0 831 0 0
44.498 302.6 828 0 0
44.577 302.8 829 5 0
44.655 303.3 829 1 0
44.734 303.4 831 0 0
44.813 302.7 829 2 0
44.892 297.3 829 1 0
44.971 296.3 830 5 2
45.048 298.0 830 0 0
45.127 301.1 829 0 0
45.206 299.3 829 2 1
45.285 296.7 831 1 1
45.364 299.0 828 2 0
45.442 304.4 828 0 1
45.520 308.5 831 0 1
45.599 305.6 830 0 0
45.678 302.0 828 1 1
45.756 306.4 829 3 3
45.835 309.5 830 1 1
45.914 310.0 829 0 0
45.992 306.1 828 0 0
46.071 303.7 829 764 2
46.150 306.0 827 763 0
46.228 307.0 824 760 0
46.307 303.6 824 759 1
46.386 300.2 825 760 4
46.465 292.2 822 758 0
46.543 288.2 822 0 0
46.622 284.1 825 3 1
46.700 280.3 826 0 0
46.779 276.5 825 0 0
46.858 268.5 826 1 0
46.937 264.4 828 2 0
47.015 260.3 828 0 0
47.093 256.5 827 5 0
47.172 253.3 828 0 3
47.251 247.3 829 3 1
47.330 243.3 828 2 0
47.409 240.1 828 2 0
47.486 236.5 830 0 0
47.565 232.8 827 763 0
47.644 227.1 825 761 0
47.723 224.3 825 760 2
47.802 221.8 825 760 0
47.881 219.4 824 758 2
47.959 214.3 822 757 1
48.037 212.0 822 0 0
48.116 209.7 824 1 0
48.195 207.2 824 1 0
48.274 204.7 825 2 1
48.352 200.0 826 1 0
48.431 197.8 826 2 0
48.509 195.1 826 1 0
48.588 193.3 829 1 1
48.667 191.4 828 1 0
48.745 187.4 827 4 1
48.824 185.5 828 2 0
48.903 183.4 829 2 0
48.982 181.5 827 2 0
49.060 179.9 827 0 758
49.138 176.1 826 2 757
49.217 174.0 825 2 756
49.296 172.1 823 1 754
49.375 170.6 823 1 753
49.454 168.8 823 1 754
49.532 165.5 821 1 752
49.611 163.5 822 0 0
49.690 161.5 825 1 1
49.768 160.0 826 1 0
49.847 158.4 826 0 0
49.926 154.6 826 2 0
50.004 153.5 828 3 0
50.082 151.8 828 1 0
50.161 150.2 828 2 0
50.240 148.7 828 2 0
50.319 145.5 829 0 0
50.398 143.8 827 0 0
50.476 141.8 828 3 0
50.554 140.5 829 2 759
50.633 139.0 826 0 757
50.712 136.0 824 2 756
50.791 134.8 824 1 754
50.870 133.1 825 3 755
50.949 131.7 822 1 753
51.026 130.4 821 1 751
51.105 127.7 823 2 0
51.184 126.6 824 2 0
51.263 124.9 824 2 0
51.342 123.5 826 1 0
51.420 122.1 827 1 0
51.499 119.5 826 0 0
51.577 118.6 826 0 1
51.656 117.4 828 1 1
51.735 115.8 828 0 0
51.813 115.1 826 1 0
51.892 112.3 828 0 0
51.971 111.2 829 3 0
52.049 109.8 827 1 759
52.128 108.4 825 2 757
52.206 106.6 824 2 756
52.285 105.3 824 1 755
52.364 104.5 822 2 752
52.443 103.1 821 0 752
52.521 101.9 822 0 753
52.600 99.3 822 2 0
52.679 98.3 823 3 3
52.757 97.3 825 3 1
52.836 96.4 826 3 0
52.915 95.2 827 1 0
52.994 92.7 825 2 0
53.071 91.7 827 2 0
53.150 90.9 827 1 0
53.229 90.0 827 2 0
53.308 89.1 828 1 2
53.386 87.3 830 3 0
53.465 86.2 827 2 0
53.543 85.0 827 2 0
53.621 84.0 829 0 0
53.700 82.9 828 3 0
53.779 81.1 827 1 0
53.858 80.3 828 2 1
53.936 79.2 829 2 0
54.014 78.4 827 2 0
54.093 77.6 827 1 0
54.172 75.9 828 2 0
54.250 75.0 828 2 1
54.329 74.0 827 3 1
54.408 73.4 828 3 1
54.487 72.5 829 2 0
54.564 70.8 827 3 0
54.643 69.9 826 2 0
54.722 69.1 829 2 0
54.801 68.7 829 2 0
54.879 67.9 827 1 0
54.958 66.6 827 3 1
55.036 65.4 831 2 0
55.115 64.5 827 0 0
55.193 63.7 827 2 0
55.272 63.2 828 3 0
55.351 61.5 828 2 0
55.429 60.9 827 2 0
55.507 60.3 828 3 0
55.586 59.6 829 4 0
55.665 58.9 827 2 0
55.743 57.6 827 0 0
55.822 56.8 828 3 0
55.901 56.0 828 2 0
55.980 55.1 827 2 1
56.057 54.5 828 3 1
56.136 53.5 829 1 1
56.215 52.9 827 2 0
56.294 52.4 827 3 0
56.372 51.3 828 1 0
56.451 50.7 827 2 0
56.529 50.2 827 2 1
56.608 49.5 827 2 1
56.686 48.8 829 2 0
56.765 48.1 827 2 0
56.844 47.4 827 3 0
56.923 46.5 828 2 0
57.000 46.1 827 2 0
57.079 45.4 826 2 0
57.158 44.7 828 2 0
57.236 44.1 828 2 0
57.315 43.2 827 2 0
57.394 42.3 827 2 0
57.473 41.9 828 3 0
57.550 41.5 827 0 0
57.629 40.6 827 2 0
57.708 40.0 828 3 1
57.787 39.8 828 2 0
57.865 39.3 827 1 0
57.944 38.6 827 3 0
58.022 37.8 828 3 0
58.101 37.1 827 1 0
58.179 37.0 827 2 2
58.258 36.5 827 2 1
58.337 35.7 829 2 0
58.416 34.5 827 1 0
58.493 34.2 827 2 0
58.572 33.9 828 2 0
58.651 33.4 828 3 0
58.729 33.2 827 1 0
58.808 32.4 827 3 0
58.887 32.0 829 2 0
58.966 31.6 827 2 0
59.043 31.0 827 2 0
59.122 30.6 828 2 0
59.201 29.9 827 3 0
59.280 29.7 827 2 0
59.358 29.4 827 2 0
59.437 29.0 828 2 0
59.515 28.6 826 2 0
59.594 27.8 826 2 0
59.672 27.8 828 3 0
59.751 27.0 827 0 0
59.830 27.0 827 3 0
59.909 26.8 827 3 2
59.986 25.8 828 4 0
60.065 25.5 827 2 0
60.144 25.1 827 4 0
60.223 24.9 828 3 0
60.301 24.4 827 2 0
60.380 23.8 827 3 0
60.459 23.3 827 3 0
60.536 22.7 828 1 0
60.615 22.5 827 3 0
60.694 22.2 829 0 0
60.773 21.6 829 4 0
60.851 21.4 827 1 0
60.930 20.9 827 2 1
61.008 21.0 827 3 0
61.087 20.5 829 3 0
61.165 20.0 826 2 0
61.244 19.7 827 2 0
61.323 19.7 828 3 1
61.402 19.4 827 2 0
61.479 19.1 827 2 0
61.558 18.4 827 3 1
61.637 18.5 827 1 2
61.716 18.0 826 2 0
61.794 18.3 827 2 0
61.873 17.7 829 2 2
61.952 16.9 826 1 0
62.030 17.3 826 2 0
62.108 17.0 827 3 0
62.187 16.6 828 2 0
62.266 16.4 827 2 0
62.345 15.8 826 2 0
62.423 15.8 828 3 0
62.501 15.6 827 0 0
62.580 15.5 827 2 0
62.658 15.0 828 2 0
62.737 14.8 827 1 0
62.816 14.5 826 1 0
62.895 14.1 827 1 0
62.972 14.3 828 3 0
63.051 14.1 826 2 0
63.130 13.9 829 2 0
63.209 13.4 828 2 0
63.287 13.3 827 1 0
63.366 13.1 827 2 0
63.444 12.9 827 3 0
63.523 12.6 828 1 0
63.601 12.3 827 0 0
63.680 12.2 826 2 0
63.759 12.4 827 2 1
63.838 11.7 828 2 0
63.916 11.4 826 3 0
63.994 11.4 827 3 0
64.073 11.1 829 2 0
64.152 10.8 827 1 0
64.230 10.9 826 1 0
64.309 11.0 827 3 0
64.388 10.7 827 1 0
64.466 10.6 826 2 0
64.544 10.6 827 3 0
64.623 10.0 828 2 1
64.702 10.0 826 2 0
64.780 9.8 826 0 0
64.859 9.7 828 1 0
64.937 9.5 828 0 0
65.016 9.3 826 1 0
65.094 9.2 827 1 0
65.173 9.1 829 2 0
65.252 8.6 827 0 0
65.330 8.9 827 0 0
65.409 8.7 827 2 0
65.487 8.3 828 0 0
65.565 8.5 827 0 0
65.644 8.3 827 2 0
65.723 8.3 828 1 0
65.801 8.0 828 1 0
65.880 8.2 827 1 0
65.958 8.0 828 2 0
66.037 7.8 828 0 0
66.115 7.8 827 2 0
66.194 7.4 828 2 0
66.273 7.2 828 0 0
66.351 7.3 827 2 0
66.429 7.3 827 0 0
66.508 7.1 828 0 0
66.586 7.0 827 0 0
66.665 6.9 826 0 0
66.744 6.3 827 1 0
66.823 6.2 828 0 0
66.900 6.3 827 2 0
66.979 6.1 826 2 0
67.058 5.9 828 4 0
67.136 6.1 827 0 0
67.215 5.7 827 3 0
67.294 5.6 827 2 0
67.372 5.4 827 2 0
67.450 5.3 826 1 0
67.529 5.1 827 1 0
67.607 5.2 829 0 1
67.686 5.1 827 0 0
67.765 4.7 826 0 0
67.844 4.7 827 1 0
67.921 4.7 827 0 0
68.000 4.3 827 0 0
68.079 4.5 827 2 0
68.157 4.4 828 3 0
68.236 4.3 826 0 0
68.315 4.4 827 1 0
68.392 4.4 827 0 0
68.471 4.5 827 0 0
68.550 4.0 827 0 0
68.629 4.0 829 1 0
68.707 3.6 827 1 0
68.786 3.7 824 1 0
68.865 3.8 826 2 0
68.942 3.9 828 1 0
69.021 3.6 827 0 0
69.100 3.5 827 1 0
69.178 3.6 826 1 0
69.257 3.8 828 2 0
69.336 3.5 826 0 0
69.414 3.0 826 1 0
69.492 3.3 828 2 0
69.571 3.3 824 2 0
69.650 3.4 826 1 0
69.728 3.2 826 2 0
69.807 3.1 828 0 0
69.885 3.3 826 2 0
69.964 2.9 826 1 0
70.042 3.3 827 2 0
70.121 2.9 826 0 0
70.200 2.7 826 1 0
70.278 2.7 827 1 0
70.356 2.8 828 1 0
70.435 2.6 826 1 0
70.513 2.7 827 2 0
70.592 2.5 830 2 0
70.671 2.6 829 0 0
70.750 2.5 829 1 0
70.828 2.3 830 3 0
70.906 2.7 830 1 0
70.985 2.7 830 0 0
71.063 2.3 830 2 0
71.142 2.3 832 4 0
71.221 2.3 831 1 0
71.299 2.1 830 1 0
71.377 1.9 832 2 0
71.456 2.3 832 0 0
71.535 2.0 831 2 0
71.613 2.2 832 2 0
71.692 1.9 833 2 0
71.771 2.0 831 2 0
71.848 1.9 828 1 0
71.927 2.2 832 2 0
72.006 1.8 832 0 0
72.084 1.6 832 0 0
72.163 2.1 832 2 0
72.242 1.8 833 2 0
72.320 1.6 831 0 0
72.398 1.8 831 1 0
72.477 1.8 833 3 1
72.556 1.3 831 1 0
72.634 1.4 829 0 0
72.713 1.7 830 2 0
72.792 1.4 832 2 0
72.869 1.1 832 2 0
72.948 1.4 831 2 0
73.027 1.3 832 1 0
73.105 1.3 832 0 0
73.184 1.4 831 0 0
73.263 1.2 832 2 0
73.341 1.3 832 1 0
73.419 1.1 832 2 0
73.498 1.2 832 3 0
73.577 0.8 833 2 0
73.655 -1.0 831 2 0
73.734 -2.9 832 2 0
73.812 -5.4 833 2 0
73.891 -8.2 833 0 0
73.969 -14.8 831 1 0
74.048 -17.4 831 3 0
74.127 -20.2 833 2 0
74.205 -22.9 831 1 0
74.284 -25.0 831 2 0
74.362 -28.7 833 3 0
74.441 -31.7 833 0 0
74.519 -33.0 831 2 0
74.598 -35.2 831 2 0
74.677 -35.9 834 5 2
74.756 -37.1 831 1 0
74.834 -37.0 831 2 0
74.912 -36.2 832 3 1
74.991 -35.8 833 2 1
75.070 -34.8 831 2 0
75.149 -33.5 831 6 0
75.227 -31.3 833 4 0
75.305 -27.8 831 3 0
75.384 -19.5 831 1 0
75.463 -3.2 833 2 0
75.541 11.2 833 2 0
75.620 4.2 832 2 0
75.699 -0.3 831 1 0
75.777 -0.7 836 4 0
75.855 -0.6 832 0 0
75.934 -0.4 832 0 0
76.012 -0.4 833 0 0
76.091 -1.0 834 2 0
76.170 -0.6 832 3 0
76.249 -0.3 832 4 0
76.326 6.9 834 2 0
76.405 0.3 831 0 0
76.484 0.1 832 2 0
76.562 -0.7 834 2 0
76.641 -0.2 833 0 0
76.720 -0.5 832 2 0
76.797 3.7 831 0 0
76.876 -0.2 834 2 0
76.955 -0.5 832 0 0
77.034 -0.8 832 2 0
77.112 -0.3 833 3 0
77.191 -0.6 832 1 0
77.270 -0.5 831 0 0
77.347 -0.3 832 2 0
77.426 -0.2 833 0 0
77.505 -0.4 831 1 0
77.583 -0.6 832 1 0
77.662 0.0 833 2 0
77.741 -0.2 833 0 0
77.819 -0.4 831 6 1
77.897 -0.4 833 1 0
77.976 -0.4 833 2 0
78.055 -0.3 832 0 0
78.133 -0.6 832 0 1
78.212 -0.5 834 2 0
78.290 -0.6 832 0 0
78.368 -0.9 831 0 0
78.447 -0.5 833 3 0
78.526 -0.6 833 0 0
78.605 -0.5 831 1 0
78.683 -0.3 832 2 0
78.761 -0.6 833 2 0
78.840 -0.6 832 4 0
78.918 -0.4 831 3 0
78.997 -0.8 832 2 1
79.076 -0.7 833 0 1
79.154 -0.6 832 0 0
79.233 -0.4 831 2 0
79.311 -0.7 833 2 0
79.390 -0.6 832 0 0
79.468 -0.5 831 2 0
79.547 -0.4 832 2 0
79.626 -0.4 833 1 0
79.704 -0.6 832 0 0
79.782 -0.5 832 4 0
79.861 -0.4 832 1 0
79.939 -0.5 832 0 0
80.018 -0.5 832 0 0
80.097 -0.4 833 2 0
80.176 -0.4 833 0 0
80.253 -0.2 832 2 0
80.332 -0.2 831 2 0
80.411 -0.2 833 0 0
80.489 -0.1 832 0 0
80.568 -0.3 832 0 0
80.647 -0.4 833 2 0
80.724 -0.4 833 2 0
80.803 -0.3 831 0 0
80.882 -0.5 785 1 3
80.961 -0.3 704 1 0
81.039 -0.7 641 0 0
81.118 -0.5 589 1 0
81.197 -0.5 546 1 0
81.274 -0.3 509 0 0
81.353 -0.6 474 1 0
81.432 -0.4 445 1 0
81.510 -0.3 419 4 0
81.589 -0.8 393 0 0
81.668 -0.5 372 3 0
81.745 -0.3 352 0 0
81.824 -0.7 333 0 0
81.903 -0.5 316 0 0
81.982 -0.5 302 0 0
82.060 -0.4 292 0 1
82.139 -0.4 277 0 0
82.217 -0.8 267 1 0
82.295 -0.5 259 1 0
82.374 -0.5 251 0 0
82.453 -0.7 243 0 0
82.531 -0.8 235 0 0
82.610 -0.8 228 2 0
82.689 -0.6 222 0 0
82.767 -0.5 215 0 0
82.845 -0.4 212 0 0
82.924 -0.5 204 0 0
83.003 -0.4 198 0 0
83.081 -0.6 194 0 0
83.160 -0.3 189 0 0
83.238 -0.4 185 0 0
83.316 -0.7 182 1 0
83.395 -0.7 176 2 0
83.474 -0.6 173 0 0
83.553 -0.3 169 1 0
83.631 -0.7 166 1 0
83.709 -0.4 162 0 0
83.788 -0.4 159 0 0
83.866 -0.5 156 0 0
83.945 -0.6 153 1 0
84.024 -0.6 150 0 0
84.102 -0.5 147 1 0
84.180 -0.6 144 1 0
84.259 -0.6 142 0 0
84.338 -0.4 139 0 0
84.416 -0.4 137 0 0
84.495 -0.7 135 0 0
84.574 -0.8 133 0 0
84.652 -0.7 130 0 0
84.730 -0.8 129 0 0
84.809 -0.5 124 0 0
84.887 -0.4 124 0 0
84.966 -0.6 123 0 0
85.045 -0.3 121 0 0
85.123 -0.5 119 0 0
85.201 -0.4 117 4 0
85.280 -0.1 116 1 0
85.359 -0.6 115 0 0
85.437 -0.5 113 0 0
85.516 -0.4 111 0 0
85.595 -0.7 110 0 0
85.672 -0.5 109 0 0
85.751 -0.6 108 0 0
85.830 -0.6 106 0 0
85.908 -0.6 106 0 0
85.987 -0.6 104 0 0
86.066 -0.8 103 0 0
86.145 -0.8 102 0 0
86.222 -0.5 101 0 0
86.301 -0.7 102 0 0
86.380 -0.8 99 1 1
86.458 -0.8 97 0 0
86.537 -0.5 96 0 0
86.616 -0.7 96 0 1
86.693 -0.5 96 0 0
86.772 -0.8 94 0 0
86.851 -0.6 94 1 0
86.929 -0.8 93 1 1
87.008 -0.9 92 0 0
87.087 -0.9 91 0 0
87.164 -0.6 90 0 1
87.243 -0.8 92 1 0
87.321 -0.9 91 0 0
87.400 -1.0 88 0 1
87.479 -0.5 88 0 0
87.557 -1.0 88 1 0
87.635 -0.9 87 0 0
87.714 -0.8 87 0 0
87.792 -0.7 86 0 0
87.871 -0.5 85 0 0
87.950 -0.4 84 1 0
88.028 -0.7 84 0 0
88.107 -0.5 83 0 0
88.185 -0.9 83 0 0
88.263 -0.5 82 0 0
88.342 -0.8 83 0 0
88.421 -1.0 82 0 0
88.499 -0.9 81 0 0
88.578 -1.1 81 0 0
88.655 -0.9 80 0 0
88.734 -0.6 80 0 0
88.813 -0.9 81 0 0
88.891 -0.9 80 0 0
88.970 -0.6 79 0 0
89.049 -0.5 79 0 0
