#Apogee (m) = 0.10

#Error code = 2 4 
#Time (s) Altitude (m)
0.00 0.00
0.25 -0.60
0.50 -4.50
0.75 -88.00
1.00 -160.60
1.25 -148.60
1.50 -110.10
1.75 -49.30
2.00 1.70
2.25 41.00
2.50 65.10
2.75 78.70
3.00 131.90
3.25 148.60
3.50 162.80
3.75 215.80
4.00 231.90
4.25 238.60
4.50 270.20
4.75 266.90
5.00 274.60
5.25 299.00
5.50 296.80
5.75 296.50
6.00 306.30
6.25 301.60
6.50 302.00
6.75 295.30
7.00 296.00
7.25 305.90
7.50 306.50
7.75 303.00
8.00 304.00
8.25 288.10
8.50 272.50
8.75 256.70
9.00 246.60
9.25 232.30
9.50 221.20
9.75 211.30
10.00 201.70
10.25 192.60
10.50 186.90
10.75 178.80
11.00 171.30
11.25 163.70
11.50 157.40
11.75 152.00
12.00 145.90
12.25 139.30
12.50 133.30
12.75 128.00
13.00 123.30
13.25 118.20
13.50 113.30
13.75 108.10
14.00 103.80
14.25 99.90
14.50 95.80
14.75 91.20
15.00 87.30
15.25 83.50
15.50 79.90
15.75 76.70
16.00 73.20
16.25 69.90
16.50 66.60
16.75 63.60
17.00 61.20
17.25 58.50
17.50 55.60
17.75 52.90
18.00 50.00
18.25 48.30
18.50 46.20
18.75 44.10
19.00 42.00
19.25 39.50
19.50 37.90
19.75 36.30
20.00 34.50
20.25 32.60
20.50 30.60
20.75 29.40
21.00 28.10
21.25 26.50
21.50 25.00
21.75 24.00
22.00 22.70
22.25 21.70
22.50 20.60
22.75 19.20
23.00 18.10
23.25 17.20
23.50 16.30
23.75 15.40
24.00 14.60
24.25 13.60
24.50 13.00
24.75 12.30
25.00 11.80
25.25 10.90
25.50 10.30
25.75 9.40
26.00 9.20
26.25 8.50
26.50 8.00
26.75 7.60
27.00 6.90
27.25 6.90
27.50 6.30
27.75 5.90
28.00 5.40
28.25 4.90
28.50 4.80
28.75 4.50
29.00 4.10
29.25 3.80
29.50 3.50
29.75 3.20
30.00 2.90
30.25 2.80
30.50 2.60
30.75 2.40
31.00 2.20
31.25 1.80
31.50 1.60
31.75 1.50
32.00 1.40
32.25 0.00
32.50 -0.30
32.75 0.20
33.00 1.30
33.25 0.40
33.50 0.70
33.75 -0.50
34.00 -1.20
34.25 0.00
34.50 -0.30
34.75 -39.10
35.00 -196.00
35.25 -474.60
35.50 -353.70
35.75 -401.40
36.00 -439.80
36.25 -465.20
36.50 -496.90
36.75 -474.70
37.00 -449.20
37.25 -424.90
37.50 -408.80
37.75 -388.40
38.00 -369.60
38.25 -351.90
38.50 -335.40
38.75 -323.60
39.00 -308.50
39.25 -294.20
39.50 -281.00
39.75 -267.80
40.00 -258.60
40.25 -247.00
40.50 -235.80
40.75 -225.40
41.00 -215.10
41.25 -207.30
41.50 -197.70
41.75 -188.90
42.00 -180.50
42.25 -172.20
42.50 -166.40
42.75 -158.20
43.00 -151.00
43.25 -144.00
43.50 -136.90
43.75 -130.50
44.00 -125.80
44.25 -120.10
44.50 -114.00
44.75 -109.00
45.00 -103.50
45.25 -99.90
45.50 -94.60
45.75 -90.10
46.00 -85.60
46.25 -81.40
46.50 -78.00
46.75 -74.00
47.00 -70.40
47.25 -66.70
47.50 -63.60
47.75 -60.80
48.00 -56.90
48.25 -53.70
48.50 -50.70
48.75 -47.60
49.00 -45.40
49.25 -42.70
49.50 -40.30
49.75 -37.30
50.00 -35.10
50.25 -33.60
50.50 -31.60
50.75 -29.70
51.00 -28.10
51.25 -25.90
51.50 -24.70
51.75 -23.30
52.00 -22.00
52.25 -20.70
52.50 -19.50
52.75 -18.20
53.00 -17.00
53.25 -15.70
53.50 -15.20
53.75 -13.90
54.00 -13.30
54.25 -12.80
54.50 -11.90
54.75 -11.20
55.00 -10.80
55.25 -10.00
55.50 -9.60
55.75 -9.10
56.00 -8.50
56.25 -7.70
56.50 -7.30
56.75 -6.80
57.00 -6.50
57.25 -6.00
57.50 -5.70
57.75 -5.50
58.00 -5.20
58.25 -4.70
58.50 -4.50
58.75 -4.30
59.00 -4.20
59.25 -3.80
59.50 -3.70
59.75 -3.40
60.00 -3.00
60.25 -2.70
60.50 -2.70
