#Apogee (m) = 699.10

#Error code = 0
#Time (s) Altitude (m)
0.00 0.00
0.25 -0.70
0.50 -0.10
0.75 -0.40
1.00 -0.30
1.25 -0.50
1.50 -0.50
1.75 -1.00
2.00 -0.80
2.25 -0.80
2.50 -1.50
2.75 163.40
3.00 556.30
3.25 699.10
3.50 649.20
3.75 603.70
4.00 569.30
4.25 540.20
4.50 519.40
4.75 494.30
5.00 462.30
5.25 430.70
5.50 404.60
5.75 387.50
6.00 368.10
6.25 350.20
6.50 336.20
6.75 320.50
7.00 309.90
7.25 301.80
7.50 289.10
7.75 277.60
8.00 266.50
8.25 259.10
8.50 249.60
8.75 240.00
9.00 231.10
9.25 222.10
9.50 215.50
9.75 207.60
10.00 199.00
10.25 191.50
10.50 183.90
10.75 178.90
11.00 171.80
11.25 165.20
11.50 158.50
11.75 151.90
12.00 146.00
12.25 140.80
12.50 135.40
12.75 129.70
13.00 124.50
13.25 119.30
13.50 115.70
13.75 110.60
14.00 105.90
14.25 101.00
14.50 96.90
14.75 94.00
15.00 89.30
15.25 85.40
15.50 81.60
15.75 77.60
16.00 74.90
16.25 71.20
16.50 68.20
16.75 65.30
17.00 62.20
17.25 59.70
17.50 57.10
17.75 54.40
18.00 51.90
18.25 49.20
18.50 47.10
18.75 45.10
19.00 42.90
19.25 40.80
19.50 38.40
19.75 37.10
20.00 35.40
20.25 33.60
20.50 31.90
20.75 30.20
21.00 28.50
21.25 27.30
21.50 26.30
21.75 24.50
22.00 23.50
22.25 22.20
22.50 21.30
22.75 20.30
23.00 19.10
23.25 17.40
23.50 16.60
23.75 15.80
24.00 14.80
24.25 14.50
24.50 13.50
24.75 12.80
25.00 12.20
25.25 11.50
25.50 11.00
25.75 10.20
26.00 9.50
26.25 9.00
26.50 8.20
26.75 8.20
27.00 7.70
27.25 7.40
27.50 7.00
27.75 6.40
28.00 6.10
28.25 5.90
28.50 5.60
28.75 5.30
29.00 5.20
29.25 4.80
29.50 4.20
29.75 4.20
30.00 3.90
30.25 3.60
30.50 3.40
30.75 2.90
31.00 2.90
31.25 2.90
