#Apogee (m) = 88.40

#Error code = 0
#Time (s) Altitude (m)
0.00 -32.90
0.25 -38.80
0.50 20.50
0.75 61.50
1.00 27.40
1.25 -24.60
1.50 -11.20
1.75 55.30
2.00 84.30
2.25 43.40
2.50 51.50
2.75 58.40
3.00 63.70
3.25 68.50
3.50 72.40
3.75 76.50
4.00 80.60
4.25 84.10
4.50 85.80
4.75 87.30
5.00 87.90
5.25 87.20
5.50 88.40
5.75 87.60
6.00 86.30
6.25 83.10
6.50 79.90
6.75 78.00
7.00 72.70
7.25 69.50
7.50 63.60
7.75 56.60
8.00 51.80
8.25 44.70
8.50 39.10
8.75 40.00
9.00 39.80
9.25 40.30
9.50 39.20
9.75 39.10
10.00 40.20
10.25 40.00
10.50 40.00
10.75 39.30
11.00 39.20
11.25 39.80
11.50 39.90
