#Apogee (m) = 474.70

#Error code = 3 
#Time (s) Altitude (m)
0.00 0.60
0.25 0.20
0.50 0.90
0.75 -0.80
1.00 0.10
1.25 0.60
1.50 52.20
1.75 37.50
2.00 -8.10
2.25 5.30
2.50 89.40
2.75 160.70
3.00 162.40
3.25 151.80
3.50 212.00
3.75 330.90
4.00 417.80
4.25 440.30
4.50 469.60
4.75 576.10
5.00 724.70
5.25 827.20
5.50 871.50
5.75 941.60
6.00 1092.60
6.25 1269.10
6.50 1382.90
6.75 1444.10
7.00 1541.50
7.25 1709.10
7.50 1878.70
7.75 1974.60
8.00 2033.00
8.25 2141.90
8.50 2315.00
8.75 2470.20
9.00 2547.90
9.25 2608.50
9.50 2730.60
9.75 2904.00
10.00 3042.60
10.25 3107.20
10.50 3169.80
10.75 3305.80
11.00 3477.10
11.25 3596.10
11.50 3648.70
11.75 3720.90
12.00 3867.80
12.25 4031.90
12.50 4131.40
12.75 4177.30
13.00 4260.10
13.25 4414.70
13.50 4568.10
13.75 4648.90
14.00 4692.20
14.25 4787.30
14.50 4946.90
14.75 5086.70
15.00 5150.70
15.25 5194.90
15.50 5303.30
15.75 5462.40
16.00 5584.80
16.25 5634.20
16.50 5684.30
16.75 5805.50
17.00 5962.30
17.25 -434.00
17.50 -396.40
17.75 -338.40
18.00 -207.60
18.25 -57.50
18.50 27.10
18.75 60.10
19.00 127.80
19.25 266.30
19.50 406.00
19.75 471.30
20.00 501.00
20.25 580.90
20.50 724.70
20.75 849.50
21.00 900.30
21.25 929.00
21.50 1022.60
21.75 1167.90
22.00 1275.40
22.25 1309.60
22.50 1345.00
22.75 1451.90
23.00 1592.30
23.25 1682.20
23.50 1705.50
23.75 1750.20
24.00 1866.60
24.25 2000.40
24.50 2070.00
24.75 2088.60
25.00 2142.00
25.25 2266.70
25.50 2390.40
25.75 2442.10
26.00 2456.10
26.25 2522.50
26.50 2651.30
26.75 2761.40
27.00 2796.10
27.25 2809.90
27.50 2889.70
27.75 3020.50
28.00 3113.00
28.25 3133.70
28.50 3153.00
28.75 3243.40
29.00 3372.70
29.25 3445.30
29.50 3454.90
29.75 3483.60
30.00 3585.50
30.25 3705.30
30.50 3760.90
30.75 3764.20
31.00 3803.40
31.25 3911.70
31.50 4020.90
31.75 4058.70
32.00 4058.70
32.25 4109.80
32.50 4223.50
32.75 4318.10
33.00 4338.60
33.25 4340.20
33.50 4403.30
33.75 4519.40
34.00 4596.90
34.25 4603.10
34.50 4608.40
34.75 4685.40
35.00 4798.40
35.25 4857.50
35.50 4852.30
35.75 4865.00
36.00 4953.00
36.25 5059.20
36.50 5098.80
36.75 5086.10
37.00 5110.40
37.25 5206.20
37.50 5300.30
37.75 5322.70
38.00 5307.60
38.25 5344.80
38.50 5444.40
38.75 5524.20
39.00 5529.10
39.25 5516.50
39.50 5565.30
39.75 5666.80
40.00 5729.60
40.25 5720.60
40.50 5710.20
40.75 5771.80
41.00 5871.10
41.25 5915.00
41.50 5895.40
41.75 5894.30
42.00 5967.70
42.25 -442.30
42.50 -415.70
42.75 -442.50
43.00 -432.60
43.25 -354.10
43.50 -321.30
43.75 -290.90
44.00 -260.20
44.25 -230.60
44.50 -200.90
44.75 -173.70
45.00 -144.90
45.25 -118.50
45.50 -90.70
45.75 -65.50
46.00 -39.30
46.25 -14.80
46.50 8.80
46.75 33.50
47.00 56.70
47.25 78.60
47.50 100.30
47.75 120.80
48.00 142.20
48.25 161.00
48.50 180.80
48.75 198.90
49.00 218.10
49.25 235.00
49.50 250.90
49.75 268.90
50.00 284.10
50.25 299.10
50.50 312.80
50.75 325.80
51.00 339.30
51.25 353.00
51.50 364.80
51.75 375.60
52.00 387.20
52.25 396.60
52.50 407.00
52.75 414.90
53.00 423.50
53.25 430.10
53.50 437.40
53.75 444.00
54.00 450.80
54.25 455.60
54.50 460.60
54.75 464.90
55.00 467.60
55.25 470.70
55.50 471.60
55.75 474.20
56.00 474.70
56.25 474.00
56.50 474.50
56.75 474.30
57.00 471.20
57.25 469.40
57.50 468.20
57.75 463.40
58.00 459.10
58.25 454.90
58.50 450.60
58.75 444.40
59.00 437.50
59.25 430.90
59.50 422.60
59.75 414.40
60.00 406.20
60.25 396.70
60.50 386.70
60.75 376.10
61.00 364.50
61.25 351.80
61.50 340.80
61.75 326.50
62.00 313.10
62.25 299.10
62.50 283.60
62.75 267.70
63.00 252.20
63.25 234.00
63.50 217.20
63.75 199.70
64.00 180.10
64.25 160.60
64.50 141.50
64.75 120.90
65.00 99.70
65.25 78.30
65.50 56.20
65.75 32.40
66.00 8.80
66.25 -15.70
66.50 -40.70
66.75 -65.80
67.00 -91.00
67.25 -118.20
67.50 -145.40
67.75 -173.20
68.00 -201.80
68.25 -231.10
68.50 -261.30
68.75 -289.90
69.00 -322.30
69.25 -353.90
69.50 -337.00
69.75 -392.90
70.00 -487.50
70.25 5970.80
70.50 5992.60
70.75 5995.10
71.00 5922.60
71.25 5829.40
71.50 5800.70
71.75 5823.20
72.00 5807.00
72.25 5720.70
72.50 5633.20
72.75 5616.50
73.00 5635.80
73.25 5601.50
73.50 5503.00
73.75 5424.50
74.00 5418.40
74.25 5431.40
74.50 5379.00
74.75 5272.50
75.00 5203.70
75.25 5205.50
75.50 5207.00
75.75 5137.60
76.00 5029.10
76.25 4972.50
76.50 4978.60
76.75 4966.20
77.00 4879.00
77.25 4770.80
77.50 4726.20
77.75 4734.40
78.00 4704.20
78.25 4604.20
78.50 4499.90
78.75 4470.00
79.00 4473.50
79.25 4425.40
79.50 4313.40
79.75 4218.60
80.00 4197.80
80.25 4195.70
80.50 4128.50
80.75 4008.90
81.00 3925.60
81.25 3911.50
81.50 3899.30
81.75 3812.90
82.00 3691.40
82.25 3619.50
82.50 3611.30
82.75 3584.90
83.00 3482.10
83.25 3359.10
83.50 3300.80
83.75 3293.90
84.00 3249.90
84.25 3132.50
84.50 3016.60
84.75 2969.70
85.00 2960.50
85.25 2897.30
85.50 2769.00
85.75 2661.60
86.00 2625.90
86.25 2607.50
86.50 2527.40
86.75 2391.90
87.00 2294.20
87.25 2266.90
87.50 2239.00
87.75 2137.40
88.00 2000.00
88.25 1913.50
88.50 1892.40
88.75 1849.40
89.00 1732.40
89.25 1595.10
89.50 1521.40
89.75 1501.30
90.00 1442.70
90.25 1311.40
90.50 1179.20
90.75 1118.50
91.00 1093.90
91.25 1015.90
91.50 873.50
91.75 749.80
92.00 699.00
92.25 668.40
92.50 571.00
92.75 422.70
93.00 309.90
93.25 267.80
93.50 223.30
93.75 109.80
94.00 -42.90
94.25 -143.00
94.50 -181.60
94.75 -238.40
95.00 -369.30
95.25 5978.30
95.50 5890.30
95.75 5855.00
96.00 5781.50
96.25 5634.20
96.50 5487.80
96.75 5413.70
97.00 5373.90
97.25 5281.90
97.50 5123.50
97.75 4986.00
98.00 4921.20
98.25 4875.20
98.50 4764.40
98.75 4599.30
99.00 4471.70
99.25 4415.50
99.50 4356.90
99.75 4227.10
100.00 4060.50
100.25 3944.80
100.50 3893.70
100.75 3821.50
101.00 3674.90
101.25 3508.20
101.50 3405.30
101.75 3356.30
102.00 3267.80
102.25 3105.80
102.50 2944.30
102.75 2855.00
103.00 2800.70
103.25 2693.50
103.50 2521.90
103.75 2369.30
104.00 2290.10
104.25 2229.00
104.50 2102.60
104.75 1924.10
105.00 1781.60
105.25 1710.20
105.50 1638.90
105.75 1494.20
106.00 1311.60
106.25 1181.40
106.50 1114.70
106.75 1028.00
107.00 868.40
107.25 686.10
107.50 570.00
107.75 503.20
108.00 400.10
108.25 225.90
108.50 49.20
108.75 40.20
109.00 40.20
109.25 40.00
109.50 39.60
109.75 40.60
110.00 39.60
110.25 40.90
110.50 39.80
110.75 39.70
111.00 39.40
111.25 40.80
111.50 39.40
111.75 39.10