# t (s), h(m), v (m/s), estado (R=readyToLaunch, F=flying, D=Drogue, P=Parachute, L=landed(recovered))
# rRocket v.1.5.5

0.250 0.61 0.03 R
0.500 -0.50 0.04 R
0.750 -0.85 -0.03 R
1.000 0.32 -0.06 R
1.250 0.86 0.00 R
1.500 -0.46 0.02 R
1.750 0.09 -0.07 R
2.000 0.76 -0.03 R
2.250 0.85 0.21 R
2.500 0.42 0.34 R
2.750 -0.12 0.22 R
3.000 -0.67 0.14 R
3.250 -0.02 0.17 R
3.500 37.39 2.16 R
3.750 41.93 6.31 R
4.000 -17.10 7.52 R
4.250 -50.16 3.82 R
4.500 -8.22 0.69 R
4.750 0.68 0.32 R
5.000 0.22 -3.73 R
5.250 -0.39 -12.47 R
5.500 -0.66 -15.21 R
5.750 0.42 -7.74 R
6.000 -0.69 -1.31 R
6.250 0.12 -0.54 R
6.500 0.87 1.49 R
6.750 -0.80 5.92 R
7.000 -0.44 7.35 R
7.250 0.63 3.65 R
7.500 -0.33 0.45 R
7.750 -0.81 0.03 R
8.000 0.65 -0.04 R
8.250 0.02 -0.02 R
8.500 -0.47 0.04 R
8.750 0.62 0.01 R
9.000 0.27 0.01 R
9.250 0.96 0.18 R
9.500 -0.70 0.26 R
9.750 0.16 0.16 R
10.000 0.64 0.19 R
10.250 52.29 3.12 R
10.500 37.59 8.03 R
10.750 -8.01 9.48 R
11.000 5.37 9.29 R
11.250 89.47 14.66 R
11.500 160.74 28.45 R
11.750 162.46 40.53 R
12.004 151.88 48.06 F
12.254 212.10 65.06 F
12.505 330.97 95.53 F
12.754 417.86 126.57 F
13.004 440.30 146.49 F
13.254 469.68 164.07 F
13.504 576.14 192.24 F
13.754 724.76 225.71 F
14.004 827.28 251.45 F
14.255 871.53 267.89 F
14.504 941.64 287.18 F
14.754 1092.69 317.04 F
15.004 1269.11 349.51 F
15.254 1382.99 372.53 F
15.504 1444.10 387.31 F
15.754 1541.55 406.02 F
16.004 1709.15 432.83 F
16.254 1878.74 456.68 F
16.504 1974.68 466.43 F
16.754 2033.09 466.68 F
17.004 2141.92 470.73 F
17.254 2315.09 480.98 F
17.504 2470.24 486.38 F
17.754 2547.98 479.53 F
18.004 2608.56 469.06 F
18.254 2730.66 467.71 F
18.504 2904.01 473.92 F
18.754 3042.62 474.93 F
19.004 3107.22 465.48 F
19.254 3169.82 455.95 F
19.504 3305.85 456.84 F
19.755 3477.15 463.09 F
20.004 3596.14 461.92 F
20.254 3648.73 451.28 F
20.504 3720.96 443.25 F
20.754 3867.82 446.19 F
21.004 4031.91 452.02 F
21.254 4131.48 448.49 F
21.505 4177.36 437.21 F
21.754 4260.16 431.35 F
22.004 4414.72 436.09 F
22.254 4568.14 440.66 F
22.504 4648.97 434.74 F
22.754 4692.21 423.48 F
23.004 4787.35 419.88 F
23.255 4946.95 425.66 F
23.504 5086.74 428.64 F
23.754 5150.78 420.90 F
24.004 5194.93 410.41 F
24.254 5303.33 409.26 F
24.504 5462.46 415.68 F
24.754 5584.86 416.58 F
25.005 5634.28 406.95 F
25.254 5684.40 397.31 F
25.504 5805.58 398.18 F
25.754 5962.35 404.43 F
26.007 6066.05 403.12 F
26.254 6103.67 392.53 F
26.504 6161.69 384.80 F
26.755 6292.42 387.81 F
27.004 6442.50 393.40 F
27.254 6527.13 389.63 F
27.504 6560.17 378.31 F
27.754 6627.87 372.53 F
28.004 6766.37 377.12 F
28.254 6906.03 381.72 F
28.505 6971.32 376.03 F
28.754 7001.00 364.97 F
29.004 7080.90 361.40 F
29.254 7224.73 366.92 F
29.504 7349.57 369.76 F
29.754 7400.31 361.94 F
30.004 7429.02 351.35 F
30.255 7522.64 350.06 F
30.504 7667.90 356.39 F
30.754 7775.47 357.51 F
31.004 7809.60 348.11 F
31.254 7845.08 338.52 F
31.504 7951.92 339.39 F
31.754 8092.33 345.68 F
32.004 8182.25 344.31 F
32.254 8205.50 333.57 F
32.504 8250.30 325.79 F
32.754 8366.65 328.98 F
33.004 8500.44 334.67 F
33.254 8570.00 330.98 F
33.504 8588.67 319.87 F
33.754 8642.08 314.24 F
34.004 8766.76 318.81 F
34.254 8890.43 323.15 F
34.504 8942.19 317.34 F
34.754 8956.17 306.32 F
35.004 9022.51 302.76 F
35.254 9151.33 308.32 F
35.504 9261.44 311.15 F
35.755 9296.15 303.38 F
36.004 9309.91 292.71 F
36.254 9389.73 291.23 F
36.504 9520.57 297.43 F
36.754 9613.07 298.36 F
37.004 9633.74 288.92 F
37.254 9653.06 279.41 F
37.505 9743.40 280.35 F
37.754 9872.75 286.76 F
38.004 9945.39 285.44 F
38.254 9954.98 274.71 F
38.504 9983.61 266.81 F
38.754 10085.58 269.76 F
39.004 10205.36 275.54 F
39.255 10260.91 271.85 F
39.504 10264.28 260.70 F
39.754 10303.46 255.18 F
40.004 10411.77 259.89 F
40.254 10520.99 264.40 F
40.504 10558.77 258.53 F
40.754 10558.75 247.48 F
41.005 10609.85 243.95 F
41.254 10723.53 249.41 F
41.504 10818.16 252.18 F
41.754 10838.61 244.42 F
42.004 10840.28 233.88 F
42.254 10903.34 232.48 F
42.504 11019.46 238.64 F
42.755 11096.94 239.61 F
43.004 11103.17 230.27 F
43.254 11108.42 220.87 F
43.504 11185.47 221.75 F
43.754 11298.40 228.10 F
44.004 11357.57 226.93 F
44.254 11352.38 216.40 F
44.505 11365.09 208.57 F
44.754 11453.02 211.44 F
45.004 11559.21 217.18 F
45.254 11598.80 213.51 F
45.504 11586.19 202.16 F
45.754 11610.50 196.23 F
46.004 11706.20 200.78 F
46.255 11800.39 205.33 F
46.504 11822.73 199.36 F
46.754 11807.62 188.15 F
47.004 11844.88 184.73 F
47.254 11944.40 190.61 F
47.504 12024.22 193.54 F
47.754 12029.15 185.67 F
48.004 12016.52 175.20 F
48.254 12065.37 174.05 F
48.504 12166.83 180.28 F
48.754 12229.63 181.10 F
49.004 12220.64 171.63 F
49.254 12210.28 162.23 F
49.504 12271.82 163.00 F
49.754 12371.18 169.09 F
50.004 12415.09 167.67 F
50.254 12395.47 156.94 F
50.504 12394.37 149.04 F
50.754 12467.71 152.02 F
51.004 12557.71 157.96 F
51.254 12584.32 154.51 F
51.504 12557.58 143.49 F
51.755 12567.44 137.95 F
52.004 12645.97 142.62 F
52.254 12678.78 144.37 F
52.504 12709.17 134.33 F
52.754 12739.80 123.66 F
53.004 12769.49 124.31 F
53.254 12799.14 131.48 F
53.505 12826.39 130.85 F
53.754 12855.17 124.97 F
54.004 12881.52 124.20 F
54.254 12909.36 126.14 F
54.504 12934.53 124.32 F
54.754 12960.72 117.82 F
55.004 12985.25 112.73 F
55.255 13008.86 110.27 F
55.504 13033.51 107.88 F
55.754 13056.73 105.51 F
56.004 13078.65 103.12 F
56.254 13100.38 100.74 F
56.504 13120.85 98.23 F
56.754 13142.24 95.81 F
57.005 13161.06 93.32 F
57.254 13180.81 90.67 F
57.504 13198.98 88.05 F
57.754 13218.19 85.52 F
58.004 13235.02 83.11 F
58.254 13250.93 80.55 F
58.504 13268.94 78.09 F
58.755 13284.10 75.84 F
59.004 13299.18 73.57 F
59.254 13312.81 71.16 F
59.504 13325.81 68.57 F
59.754 13339.33 66.15 F
60.004 13353.04 63.70 F
60.254 13364.80 61.12 F
60.505 13375.68 58.55 F
60.754 13387.20 56.11 F
61.004 13396.61 53.88 F
61.254 13407.02 51.62 F
61.504 13414.98 49.24 F
61.754 13423.59 46.79 F
62.004 13430.12 44.34 F
62.255 13437.47 41.78 F
62.504 13444.04 39.14 F
62.754 13450.88 36.51 F
63.004 13455.68 34.01 F
63.254 13460.61 31.62 F
63.504 13464.97 29.32 F
63.754 13467.65 27.12 F
64.004 13470.80 24.86 F
64.254 13471.65 22.42 F
64.504 13474.24 19.91 F
64.754 13474.75 17.41 F
65.004 13474.03 14.71 F
65.254 13474.53 11.98 F
65.504 13474.32 9.39 F
65.754 13471.26 6.93 F
66.004 13469.46 4.46 D
66.254 13468.20 2.01 D
66.504 13463.42 -0.23 D
66.754 13459.10 -2.56 D
67.004 13454.92 -5.08 D
67.254 13450.67 -7.47 D
67.504 13444.46 -9.72 D
67.755 13437.58 -12.18 D
68.004 13430.95 -14.73 D
68.254 13422.64 -17.12 D
68.504 13414.49 -19.45 D
68.754 13406.22 -21.94 D
69.004 13396.79 -24.53 D
69.254 13386.79 -26.91 D
69.505 13376.18 -29.27 D
69.754 13364.54 -31.71 D
70.004 13351.80 -34.15 D
70.254 13340.90 -36.54 D
70.504 13326.60 -38.95 D
70.754 13313.10 -41.48 D
71.004 13299.19 -43.99 D
71.255 13283.60 -46.49 D
71.504 13267.74 -48.95 D
71.754 13252.24 -51.43 D
72.004 13234.03 -53.97 D
72.254 13217.20 -56.45 D
72.504 13199.77 -58.93 D
72.754 13180.11 -61.43 D
73.005 13160.66 -63.96 D
73.254 13141.60 -66.46 D
73.504 13120.94 -68.82 D
73.754 13099.74 -71.16 D
74.004 13078.31 -73.58 D
74.254 13056.29 -75.93 D
74.504 13032.42 -78.24 D
74.755 13008.80 -80.64 D
75.004 12984.35 -83.18 D
75.254 12959.30 -85.76 D
75.504 12934.22 -88.30 D
75.754 12909.00 -90.86 D
76.004 12881.83 -93.40 D
76.254 12854.64 -95.83 D
76.505 12826.86 -98.18 D
76.754 12798.23 -100.49 D
77.004 12768.97 -102.81 D
77.254 12738.73 -105.26 D
77.504 12710.17 -107.71 D
77.754 12677.75 -110.14 D
78.004 12646.16 -112.69 D
78.255 12663.09 -112.54 D
78.504 12607.13 -110.91 D
78.754 12512.59 -113.83 D
79.004 12470.83 -120.69 D
79.254 12492.65 -124.91 D
79.504 12495.20 -123.71 D
79.754 12422.64 -127.91 D
80.004 12329.43 -140.20 D
80.254 12300.73 -145.84 D
80.500 12323.25 -139.95 D
80.754 12307.05 -134.88 D
81.004 12220.78 -141.77 D
81.254 12133.24 -151.34 D
81.504 12116.50 -150.46 D
81.754 12135.87 -144.25 D
82.004 12101.59 -145.76 D
82.254 12003.06 -156.45 D
82.504 11924.55 -164.24 D
82.754 11918.43 -161.31 D
83.004 11931.45 -155.61 D
83.254 11879.10 -159.17 D
83.504 11772.58 -170.24 D
83.755 11703.76 -175.95 D
84.004 11705.51 -171.40 D
84.254 11707.05 -166.92 D
84.504 11637.69 -172.77 D
84.754 11529.16 -183.98 D
85.004 11472.60 -187.55 D
85.254 11478.60 -181.82 D
85.505 11466.23 -178.82 D
85.754 11379.09 -186.42 D
86.004 11270.88 -196.95 D
86.254 11226.21 -198.40 D
86.504 11234.45 -192.36 D
86.754 11204.29 -191.65 D
87.004 11104.24 -201.20 D
87.255 10999.96 -210.86 D
87.504 10970.09 -210.04 D
87.754 10973.53 -203.58 D
88.004 10925.42 -204.72 D
88.254 10813.48 -215.13 D
88.504 10718.69 -222.91 D
88.754 10697.87 -219.94 D
89.005 10695.74 -214.19 D
89.254 10628.56 -217.85 D
89.504 10508.94 -228.95 D
89.754 10425.61 -234.76 D
90.004 10411.54 -230.24 D
90.254 10399.37 -225.68 D
90.504 10312.97 -231.51 D
90.755 10191.46 -242.65 D
91.004 10119.59 -246.26 D
91.254 10111.38 -240.66 D
91.504 10084.91 -237.65 D
91.754 9982.17 -245.32 D
92.004 9859.13 -255.87 D
92.254 9800.88 -257.23 D
92.505 9793.99 -251.11 D
92.754 9749.93 -250.19 D
93.004 9632.59 -259.79 D
93.254 9516.69 -269.46 D
93.504 9469.75 -268.56 D
93.754 9460.52 -262.19 D
94.004 9397.31 -263.35 D
94.255 9269.06 -273.93 D
94.504 9161.63 -281.60 D
94.754 9125.91 -278.49 D
95.004 9107.57 -272.83 D
95.254 9027.48 -276.46 D
95.504 8891.97 -287.65 D
95.754 8794.24 -293.35 D
96.004 8766.95 -288.78 D
96.254 8739.04 -284.32 D
96.504 8637.42 -290.10 D
96.754 8500.09 -301.34 D
97.004 8413.51 -305.09 D
97.254 8392.45 -299.54 D
97.504 8349.41 -296.75 D
97.754 8232.44 -304.67 D
98.004 8095.11 -315.34 D
98.254 8021.40 -316.64 D
98.504 8001.34 -310.25 D
98.754 7942.79 -309.23 D
99.004 7811.45 -318.58 D
99.254 7679.25 -327.85 D
99.504 7618.54 -326.79 D
99.755 7593.97 -320.29 D
100.004 7515.94 -321.51 D
100.254 7373.58 -332.22 D
100.504 7249.86 -340.17 D
100.754 7199.06 -337.43 D
101.004 7168.45 -331.90 D
101.254 7071.06 -335.74 D
101.505 6922.72 -347.03 D
101.754 6809.92 -352.72 D
102.004 6767.85 -347.99 D
102.254 6723.32 -343.32 D
102.504 6609.80 -349.10 D
102.754 6457.12 -360.19 D
103.004 6357.05 -363.72 D
103.255 6318.40 -358.18 D
103.504 6261.61 -355.51 D
103.754 6130.76 -363.35 D
104.004 5978.39 -373.88 D
104.254 5890.36 -375.31 D
104.504 5855.03 -369.15 D
104.754 5781.53 -368.13 D
105.005 5634.23 -377.38 D
105.254 5487.88 -386.91 D
105.504 5413.70 -386.00 D
105.754 5374.00 -379.49 D
106.004 5281.93 -380.64 D
106.254 5123.51 -391.32 D
106.504 4986.09 -399.20 D
106.755 4921.27 -396.12 D
107.004 4875.21 -390.42 D
107.254 4764.41 -394.15 D
107.504 4599.36 -405.41 D
107.754 4471.75 -411.14 D
108.004 4415.52 -406.49 D
108.254 4356.95 -402.05 D
108.505 4227.11 -408.01 D
108.754 4060.56 -419.34 D
109.004 3944.85 -423.01 D
109.254 3893.75 -417.36 D
109.504 3821.60 -414.56 D
109.754 3675.00 -422.39 D
110.004 3508.23 -432.86 D
110.255 3405.37 -434.09 D
110.504 3356.35 -427.72 D
110.754 3267.85 -426.71 D
111.004 3105.81 -436.14 D
111.254 2944.30 -445.62 D
111.504 2855.09 -444.68 D
111.754 2800.76 -438.21 D
112.004 2693.57 -439.53 D
112.254 2521.99 -450.32 D
112.504 2369.39 -458.13 D
112.754 2290.15 -455.03 D
113.004 2229.04 -449.27 D
113.254 2102.65 -452.96 D
113.504 1924.14 -464.08 D
113.754 1781.66 -469.70 D
114.004 1710.25 -465.10 D
114.254 1638.96 -460.64 D
114.504 1494.23 -466.52 D
114.754 1311.62 -477.72 D
115.004 1181.41 -481.40 D
115.254 1114.77 -475.83 D
115.504 1028.05 -473.03 D
115.755 868.48 -480.94 D
116.004 686.18 -491.64 D
116.254 570.10 -492.96 D
116.504 503.25 -486.62 D
116.754 400.12 -485.69 D
117.004 225.94 -495.00 D
117.254 49.21 -504.37 D
117.505 40.25 -498.08 P
117.754 40.28 -477.31 P
118.004 40.03 -453.61 P
118.254 39.70 -421.99 P
118.504 40.68 -368.04 P
118.754 39.63 -288.78 P
119.004 40.95 -207.88 P
119.255 39.89 -142.54 P
119.504 39.75 -87.41 P
119.754 39.44 -41.68 P
120.004 40.82 -11.38 P
120.254 39.48 -0.55 P
120.504 39.11 -0.17 P
120.750 39.61 -0.30 L
121.000 40.86 -0.22 L
121.250 39.51 -0.12 L
121.500 39.38 -0.19 L
121.750 39.33 -0.28 L
122.000 39.71 -0.15 L
122.250 39.61 0.01 L
122.500 40.72 -0.05 L
122.750 40.80 -0.05 L
123.000 40.18 0.14 L
123.250 40.44 0.34 L
123.500 39.23 0.35 L
123.750 40.16 0.32 L
124.000 40.73 0.36 L
124.250 39.70 0.23 L
124.500 40.88 0.09 L
124.750 40.40 0.02 L
125.000 40.80 0.07 L
125.250 40.62 0.18 L
125.500 40.23 0.15 L
125.750 40.78 0.24 L
126.000 40.34 0.29 L
126.251 40.46 0.23 L
126.500 40.34 0.12 L
126.750 40.32 -0.03 L
127.000 39.09 -0.11 L
127.250 39.24 -0.29 L
127.500 39.48 -0.45 L


