0.126 0.0 495 0 0
0.204 -0.1 496 2 0
0.283 0.0 496 1 0
0.362 -0.1 496 0 0
0.440 0.0 495 1 0
0.519 -0.2 495 2 0
0.596 0.3 495 0 0
0.675 -0.1 494 1 0
0.754 -0.2 494 4 1
0.832 -0.3 494 2 0
0.911 0.1 493 0 0
0.990 -0.4 493 0 0
1.068 -0.2 493 2 0
1.146 -0.1 494 0 0
1.225 -0.3 492 1 0
1.303 0.1 495 0 0
1.382 -0.2 503 0 0
1.461 0.2 503 0 0
1.539 0.2 503 0 0
1.617 0.2 503 0 0
1.696 -0.1 503 0 0
1.774 0.2 503 2 0
1.853 -0.0 503 0 0
1.931 0.3 505 1 0
2.010 -0.0 504 0 0
2.088 0.4 502 1 0
2.166 -0.0 502 2 1
2.245 -0.1 503 0 0
2.324 -0.2 502 0 0
2.402 -0.1 503 3 0
2.481 -0.3 502 1 0
2.560 -0.1 503 0 1
2.637 -0.0 502 0 0
2.716 -0.2 502 0 0
2.794 0.0 502 1 0
2.873 -0.2 502 0 0
2.952 -0.0 502 2 0
3.030 0.1 502 0 0
3.108 0.1 502 0 0
3.187 -0.1 502 1 0
3.265 -0.2 502 1 0
3.344 -0.1 502 0 0
3.423 -0.2 501 0 0
3.501 -0.4 505 2 0
3.579 -0.3 502 0 0
3.658 -0.3 503 1 0
3.736 -0.3 502 0 0
3.815 -0.2 503 0 0
3.893 -0.1 502 0 0
3.972 -0.3 502 1 0
4.050 -0.1 502 0 0
4.128 -0.3 501 0 0
4.207 -0.3 501 1 0
4.286 -0.4 494 3 3
4.364 0.0 498 1 0
4.443 -0.3 499 0 0
4.521 -0.4 498 0 0
4.599 -0.4 497 1 0
4.678 -0.5 499 0 0
4.757 0.0 498 0 0
4.835 0.0 499 0 0
4.914 -0.1 499 0 0
4.992 -0.1 499 1 1
5.070 0.3 503 1 0
5.149 -0.1 502 2 0
5.227 0.0 502 0 0
5.306 -0.1 502 1 0
5.385 -0.2 503 0 0
5.463 -0.4 503 0 0
5.541 -0.2 503 0 0
5.620 0.1 503 0 0
5.698 -0.1 503 1 0
5.777 -0.3 497 2 0
5.856 0.0 500 0 0
5.934 -0.2 498 2 0
6.012 -0.1 497 0 0
6.090 -0.1 497 0 0
6.169 0.2 497 2 0
6.248 -0.3 497 0 0
6.326 -0.3 497 0 0
6.405 -0.3 497 1 0
6.483 -0.1 497 0 0
6.561 -0.2 501 0 0
6.640 0.1 501 2 0
6.719 -0.2 501 0 0
6.797 -0.0 501 0 0
6.876 -0.1 501 0 0
6.955 -0.3 501 1 1
7.032 -0.2 501 0 0
7.111 0.1 501 1 0
7.189 -0.3 501 0 0
7.268 -0.3 496 2 1
7.347 -0.3 496 0 0
7.425 -0.1 497 2 0
7.503 -0.3 498 1 0
7.582 -0.1 496 1 0
7.660 0.3 497 0 0
7.739 0.2 497 1 0
7.818 -0.1 498 1 0
7.896 0.1 497 0 0
7.974 -0.5 498 2 0
8.053 -0.1 501 0 0
8.131 -0.0 501 1 0
8.210 0.1 501 1 0
8.289 0.0 501 0 0
8.367 0.2 501 1 0
8.445 -0.1 501 0 0
8.523 -0.3 503 0 0
8.602 0.2 501 1 0
8.681 -0.1 502 0 0
8.759 -0.1 496 0 0
8.838 -0.3 496 2 1
8.916 -0.1 498 1 0
8.994 0.2 498 0 0
9.073 -0.0 497 0 0
9.152 0.1 498 0 0
9.230 -0.2 498 1 0
9.309 -0.2 498 0 0
9.388 -0.5 497 1 0
9.465 -0.4 498 1 0
9.544 -0.2 501 0 0
9.622 -0.5 501 0 0
9.701 -0.1 502 0 0
9.780 -0.5 502 0 0
9.858 -0.3 501 1 0
9.936 -0.5 501 1 0
10.015 -0.4 501 0 0
10.093 -0.3 501 1 0
10.172 -0.1 501 0 0
10.251 -0.2 497 0 0
10.330 -0.2 495 1 0
10.407 0.2 497 1 0
10.486 -0.3 498 1 0
10.565 0.1 498 1 0
10.643 -0.1 497 0 0
10.722 -0.2 497 0 0
10.801 -0.2 498 1 0
10.878 0.0 497 0 0
10.957 -0.2 497 1 0
11.036 -0.5 501 0 0
11.114 -0.3 501 0 0
11.193 -0.2 501 0 0
11.272 -0.1 501 1 0
11.351 -0.0 501 1 0
11.428 -0.3 501 0 0
11.507 -0.4 498 0 0
11.586 -0.2 497 1 0
11.664 -0.2 498 0 0
11.743 -0.1 497 0 0
11.822 -0.4 497 1 0
11.899 -0.3 498 0 0
11.978 -0.4 497 0 0
12.057 0.1 497 1 0
12.136 -0.5 500 1 0
12.214 -0.4 498 0 0
12.293 -0.4 497 1 0
12.371 -0.3 498 2 0
12.449 -0.2 498 0 0
12.528 -0.2 497 0 0
12.607 -0.4 497 0 0
12.685 -0.1 498 0 0
12.764 -0.4 498 0 0
12.843 -0.2 498 1 0
12.921 -0.5 498 0 0
12.999 -0.5 496 0 0
13.078 -0.1 498 0 0
13.157 -0.3 497 1 0
13.235 -0.6 498 0 0
13.314 -0.5 497 0 0
13.392 -0.1 497 1 0
13.470 -0.3 497 0 0
13.549 -0.3 498 1 0
13.628 -0.4 498 0 0
13.707 -0.5 498 0 0
13.785 -0.3 498 0 0
13.863 -0.4 497 0 0
13.942 -0.3 498 0 0
14.020 -0.4 497 0 0
14.099 -0.2 498 0 0
14.178 -0.3 497 0 0
14.256 -0.1 497 0 0
14.334 -0.2 498 1 0
14.413 -0.3 498 0 0
14.492 -0.1 497 0 0
14.570 -0.2 498 1 0
14.649 0.0 498 0 0
14.728 -0.0 497 0 0
14.806 -0.2 497 1 0
14.884 0.2 498 1 0
14.963 -0.1 497 0 0
15.041 -0.4 497 0 0
15.120 -0.3 497 0 0
15.199 -0.4 498 1 0
15.277 -0.5 498 1 0
15.355 -0.1 498 1 0
15.434 -0.1 498 0 0
15.513 -0.2 498 0 0
15.591 -0.4 498 0 0
15.670 -0.4 497 0 0
15.749 -0.5 497 0 0
15.826 -0.5 498 1 0
15.905 -0.3 498 1 0
15.984 -0.5 498 1 0
16.062 -0.3 497 0 0
16.141 -0.5 498 0 0
16.220 -0.2 498 1 0
16.299 -0.5 498 0 0
16.376 -0.5 497 0 0
16.455 -0.3 497 1 0
16.534 -0.0 497 1 0
16.612 -0.1 498 0 0
16.691 -0.4 497 0 0
16.770 -0.6 498 1 0
16.847 -0.5 497 0 0
16.926 0.1 498 0 0
17.005 -0.0 496 0 0
17.084 0.2 498 1 0
17.162 -0.0 497 0 0
17.241 -0.1 496 2 0
17.319 0.0 498 1 0
17.397 -0.3 500 0 0
17.476 -0.4 497 1 0
17.555 -0.5 497 2 0
17.633 -0.3 498 0 0
17.712 -0.3 497 0 0
17.790 0.1 497 0 0
17.868 -0.3 496 0 0
17.947 0.3 498 0 0
18.026 -0.4 497 0 0
18.105 -0.2 497 0 0
18.183 -0.1 498 0 0
18.262 0.1 497 0 0
18.340 -0.4 498 0 0
18.418 -0.2 498 1 0
18.497 -0.1 498 0 0
18.576 -0.4 497 0 0
18.654 -0.0 497 1 0
18.733 -0.2 498 0 0
18.811 -0.3 498 0 0
18.890 -0.1 497 2 0
18.968 0.1 498 1 0
19.047 0.0 497 0 0
19.126 0.4 497 1 0
19.204 -0.1 498 1 0
19.282 -0.1 498 0 0
19.361 -0.1 497 0 0
19.439 -0.2 497 1 0
19.518 -0.2 497 0 0
19.597 -0.1 498 0 0
19.676 -0.1 497 0 0
19.753 0.0 496 1 0
19.832 0.0 497 0 0
19.911 0.1 497 0 0
19.989 -0.1 496 1 0
20.068 -0.3 498 1 0
20.147 -0.1 497 0 0
20.225 -0.4 497 0 0
20.303 -0.0 497 1 0
20.382 -0.2 498 0 0
20.460 -0.1 497 0 0
20.539 -0.2 497 1 0
20.618 -0.3 500 0 0
20.697 -0.2 497 0 0
20.774 0.0 497 1 0
20.853 -0.4 497 1 0
20.932 -0.3 497 0 0
21.010 -0.4 497 1 0
21.089 -0.4 498 1 0
21.168 -0.3 497 0 0
21.245 -0.2 496 0 0
21.324 -0.4 498 1 0
21.403 -0.4 497 0 0
21.482 -0.1 498 0 0
21.560 0.0 497 0 0
21.639 -0.0 497 0 0
21.718 -0.1 498 1 0
21.795 -0.2 497 0 0
21.874 -0.3 497 0 0
21.953 -0.6 497 1 0
22.031 -0.4 498 0 0
22.110 -0.3 498 1 0
22.189 -0.4 497 0 0
22.267 -0.2 498 0 0
22.345 0.1 497 0 0
22.424 -0.1 497 0 0
22.503 -0.1 497 0 0
22.581 -0.3 498 0 0
22.660 -0.1 500 0 0
22.738 0.1 495 0 0
22.816 -0.1 498 0 0
22.895 -0.2 497 0 0
22.974 -0.1 497 0 0
23.053 -0.3 498 1 0
23.131 -0.1 497 0 0
23.209 -0.2 497 0 0
23.288 -0.1 497 0 0
23.366 -0.1 498 0 0
23.445 0.1 497 0 0
23.524 -0.1 497 0 0
23.602 -0.2 497 1 0
23.681 0.0 497 0 0
23.759 -0.3 498 0 0
23.837 0.1 497 0 0
23.916 -0.1 497 1 0
23.995 0.1 496 0 0
24.074 0.0 497 1 0
24.152 -0.2 497 1 0
24.230 -0.1 497 0 0
24.309 -0.1 500 0 0
24.387 0.0 497 2 0
24.466 -0.4 497 1 0
24.545 -0.2 497 0 0
24.623 -0.3 497 1 0
24.701 -0.1 497 1 0
24.780 -0.0 501 0 0
24.859 -0.5 497 0 0
24.937 -0.6 497 1 0
25.016 -0.5 497 0 0
25.095 -0.3 497 0 0
25.172 -0.3 497 0 0
25.251 -0.2 498 0 0
25.330 -0.1 497 0 0
25.408 -0.4 497 0 0
25.487 -0.3 496 1 0
25.566 -0.3 498 0 0
25.644 -0.2 497 0 0
25.722 -0.1 498 0 0
25.801 -0.1 498 0 0
25.880 0.1 497 0 0
25.958 -0.3 498 0 0
26.037 -0.0 497 1 0
26.116 0.4 499 1 0
26.193 -0.2 498 0 0
26.272 -0.2 498 1 0
26.351 0.2 497 0 0
26.429 0.2 498 0 0
26.508 0.0 497 1 0
26.587 -0.1 497 0 0
26.665 -0.1 498 2 0
26.743 -0.1 497 0 0
26.822 0.1 497 2 0
26.901 -0.1 498 0 0
26.979 -0.0 500 0 0
27.058 -0.0 497 1 0
27.137 -0.4 497 2 0
27.214 0.0 499 0 0
27.293 -0.0 497 1 0
27.372 0.0 497 0 0
27.450 0.1 498 0 0
27.529 -0.2 498 1 0
27.608 -0.4 497 0 0
27.686 -0.3 498 0 0
27.764 -0.3 499 1 0
27.843 -0.5 497 0 0
27.922 -0.2 497 1 0
28.000 -0.2 498 1 0
28.079 -0.0 498 0 0
28.157 -0.2 497 0 0
28.235 -0.2 496 1 0
28.314 -0.0 497 0 0
28.393 -0.4 497 0 0
28.472 -0.1 498 1 0
28.550 -0.3 498 2 0
28.628 -0.1 498 0 0
28.707 -0.2 497 0 0
28.785 -0.3 498 1 0
28.864 -0.4 498 1 0
28.943 -0.6 497 0 0
29.021 0.0 497 0 0
29.100 -0.2 497 1 0
29.178 -0.5 497 0 0
29.256 -0.4 498 0 0
29.335 -0.6 498 0 0
29.414 -0.5 498 0 0
29.493 -0.5 496 0 0
29.571 -0.5 498 0 0
29.649 -0.6 498 1 0
29.728 -0.5 497 0 0
29.806 -0.7 498 0 0
29.885 -0.4 497 2 0
29.964 -0.3 499 0 0
30.042 -0.4 497 0 0
30.120 -0.4 497 0 0
30.199 -0.3 498 0 0
30.278 -0.6 497 0 0
30.356 -0.4 497 1 0
30.435 -0.5 497 1 0
30.514 -0.5 497 1 0
30.592 -0.3 497 0 0
30.670 -0.3 497 0 0
30.749 -0.4 497 0 0
30.827 0.2 498 0 0
30.906 -0.2 498 1 0
30.985 -0.3 495 2 0
31.064 -0.2 500 0 0
31.141 -0.4 498 0 0
31.220 -0.5 497 1 0
31.299 -0.4 497 0 1
31.377 -0.5 498 0 0
31.456 -0.5 497 1 0
31.535 -0.4 497 1 0
31.612 -0.1 497 0 0
31.691 -0.1 497 0 0
31.770 -0.5 497 1 0
31.849 -0.2 500 0 0
31.927 -0.1 497 0 0
32.006 -0.6 497 0 0
32.084 -0.4 497 1 0
32.162 -0.3 498 0 0
32.241 -0.6 496 0 0
32.320 -0.5 497 0 0
32.398 -0.6 497 0 0
32.477 -0.3 497 0 0
32.556 -0.5 497 0 0
32.633 -0.2 498 0 0
32.712 -0.2 497 0 0
32.791 -0.1 497 1 0
32.869 -0.0 497 0 0
32.948 -0.1 498 1 0
33.027 0.1 497 0 0
33.105 0.1 497 0 0
33.183 -0.1 497 0 0
33.262 -0.3 498 2 0
33.341 -0.3 497 1 0
33.419 -0.5 497 0 0
33.498 -0.5 498 1 0
33.576 -0.4 496 0 0
33.654 -0.3 497 0 0
33.733 -0.7 496 1 0
33.812 -0.3 498 0 0
33.890 -0.2 497 0 0
33.969 -0.1 497 0 0
34.048 -0.4 497 1 0
34.126 0.0 497 0 0
34.204 -0.2 497 0 0
34.283 -0.1 497 1 0
34.362 -0.6 497 1 0
34.440 -0.6 497 0 0
34.519 -0.2 499 1 0
34.597 -0.1 496 0 0
34.675 0.1 497 0 0
34.754 0.2 497 0 0
34.833 -0.1 498 1 0
34.911 0.1 498 0 0
34.990 -0.4 497 0 0
35.068 -0.1 497 1 0
35.147 -0.1 497 0 0
35.225 -0.7 497 0 0
35.304 -0.2 497 0 0
35.383 -0.3 497 1 0
35.461 -0.3 497 1 0
35.539 0.0 496 0 0
35.618 -0.1 497 0 0
35.696 -0.3 498 0 0
35.775 -0.4 497 0 0
35.854 -0.3 497 0 0
35.933 -0.4 498 0 0
36.011 -0.3 497 0 0
36.089 -0.1 497 0 0
36.168 -0.1 497 1 0
36.246 -0.0 496 0 0
36.325 -0.0 497 0 0
36.404 -0.0 497 0 0
36.482 0.0 494 1 0
36.560 -0.0 497 0 0
36.639 -0.2 497 2 0
36.717 -0.3 497 1 0
36.796 -0.3 498 2 0
36.875 -0.3 497 0 0
36.954 -0.2 497 1 0
37.031 -0.1 497 1 0
37.110 0.1 497 0 0
37.189 -0.1 497 1 0
37.267 -0.1 497 1 0
37.346 -0.0 497 0 0
37.425 0.2 496 0 0
37.502 -0.3 497 1 0
37.581 -0.1 497 1 0
37.660 -0.0 496 0 0
37.739 -0.4 496 1 0
37.817 0.0 496 1 0
37.896 -0.0 497 1 0
37.975 -0.0 497 0 0
38.052 -0.8 496 0 0
38.131 -0.2 497 1 0
38.210 -0.4 497 0 0
38.288 -0.2 497 0 0
38.367 -0.5 497 1 0
38.446 -0.2 497 0 0
38.523 -0.1 497 0 0
38.602 -0.1 496 1 0
38.681 -0.4 497 0 0
38.759 -0.2 495 0 0
38.838 -0.1 497 1 0
38.917 -0.3 497 2 0
38.995 -0.3 497 0 0
39.073 -0.1 497 0 0
39.152 -0.2 497 1 0
39.231 -0.2 494 0 0
39.309 -0.3 497 0 0
39.388 -0.1 497 1 0
39.467 -0.3 497 1 0
39.544 -0.3 497 0 0
39.623 -0.4 497 0 0
39.702 -0.2 497 0 0
39.781 -0.3 499 0 0
39.859 -0.3 497 0 0
39.938 -0.4 497 0 0
40.016 -0.5 497 1 0
40.094 -0.5 497 0 0
40.173 -0.7 497 0 0
40.252 -0.3 496 0 0
40.330 -0.7 497 1 0
40.409 -0.3 497 0 0
40.487 -0.3 497 1 0
40.565 -0.3 497 0 0
40.644 -0.2 497 0 0
40.723 -0.2 498 0 0
40.802 -0.2 496 0 0
40.880 -0.2 497 0 0
40.958 -0.1 497 0 0
41.037 -0.4 496 0 0
41.115 -0.1 497 2 0
41.194 -0.5 497 0 0
41.273 -0.3 496 0 0
41.351 0.0 496 0 0
41.430 -0.1 497 0 0
41.508 -0.3 497 0 0
41.586 -0.2 496 2 0
41.665 -0.2 497 1 0
41.744 0.1 497 0 0
41.823 -0.4 496 0 0
41.901 -0.3 497 0 0
41.979 -0.1 496 1 0
42.058 -0.1 497 0 0
42.136 -0.3 497 0 0
42.215 -0.0 497 3 0
42.294 -0.1 497 0 0
42.372 0.3 496 0 0
42.450 -0.0 496 1 0
42.529 -0.2 497 0 0
42.608 0.3 497 0 0
42.686 -0.2 496 1 0
42.765 0.1 497 1 1
42.844 -0.2 497 0 0
42.921 -0.0 496 0 0
43.000 0.0 496 2 0
43.079 0.1 497 1 0
43.157 -0.0 496 0 0
43.236 -0.4 496 1 0
43.315 -0.4 497 1 0
43.393 -0.4 497 1 0
43.471 -0.2 495 0 0
43.550 -0.3 496 1 0
43.628 0.0 496 0 0
43.707 -0.2 497 0 0
43.786 -0.2 497 0 0
43.865 -0.4 497 0 0
43.942 -0.4 497 0 0
44.021 -0.2 497 1 0
44.100 -0.2 497 1 0
44.178 -0.1 497 1 0
44.257 -0.1 497 0 0
44.336 -0.3 496 1 0
44.413 -0.2 498 0 0
44.492 -0.1 497 0 0
44.571 -0.3 497 1 0
44.650 -0.2 497 0 0
44.728 -0.4 496 0 0
44.807 -0.2 497 0 0
44.886 -0.0 496 1 0
44.963 -0.4 497 1 0
45.042 -0.3 497 0 0
45.121 -0.3 496 0 0
45.199 -0.3 496 0 0
45.278 -0.1 497 0 0
45.357 -0.4 497 0 0
45.435 -0.4 497 0 0
45.513 -0.5 497 1 0
45.592 -0.1 497 0 0
45.671 -0.4 497 0 0
45.749 -0.4 499 0 0
45.828 -0.3 497 0 0
45.906 -0.6 497 0 0
45.984 -0.4 496 0 0
46.063 -0.6 497 1 0
46.142 -0.4 497 0 0
46.220 -0.5 495 0 0
46.299 -0.5 497 2 0
46.377 -0.4 497 2 0
46.456 -0.4 497 0 0
46.534 -0.2 497 0 0
46.613 -0.5 497 1 0
46.692 -0.5 497 0 0
46.770 -0.3 498 0 0
46.849 -0.3 497 1 0
46.927 -0.2 497 0 0
47.005 0.1 497 0 0
47.084 -0.2 497 0 0
47.163 -0.5 497 1 0
47.242 -0.4 499 0 0
47.320 -0.4 497 0 0
47.398 -0.6 497 1 0
47.477 -0.3 496 0 0
47.555 -0.1 497 0 0
47.634 -0.2 495 0 0
47.713 -0.3 497 1 0
47.791 -0.4 497 1 0
47.869 -0.9 500 0 0
47.948 -0.6 497 1 0
48.026 -0.2 497 1 0
48.105 -0.7 497 0 0
48.184 -0.8 497 1 0
48.263 -0.4 497 0 0
48.340 0.0 497 0 0
48.419 -0.2 497 1 0
48.498 -0.3 497 2 0
48.576 -0.5 497 1 0
48.655 -0.7 497 0 0
48.734 -0.4 496 0 0
48.812 -0.4 497 1 0
48.890 -0.1 497 1 0
48.969 -0.3 494 1 0
49.047 -0.3 497 1 0
49.126 -0.1 497 0 0
49.205 -0.1 497 0 0
49.284 -0.5 497 0 0
49.361 -0.5 497 1 0
49.440 -0.1 497 0 0
49.519 -0.5 497 1 0
49.597 -0.4 496 0 0
49.676 -0.6 497 1 0
49.755 -0.3 497 0 0
49.832 -0.3 499 1 0
49.911 -0.4 497 0 0
49.990 -0.4 497 0 0
50.069 -0.0 496 0 0
50.147 -0.1 497 0 0
50.226 -0.3 497 1 0
50.305 -0.3 497 1 0
50.382 -0.1 497 0 0
50.461 -0.2 497 1 0
50.540 -0.3 496 0 0
50.618 0.0 496 0 0
50.697 -0.2 496 0 0
50.776 -0.0 497 0 0
50.853 -0.2 496 0 0
50.932 -0.3 496 1 0
51.011 -0.2 497 1 0
51.090 -0.2 497 0 0
51.168 -0.3 497 0 0
51.247 -0.3 497 0 0
51.325 -0.2 497 0 0
51.403 -0.0 497 0 0
51.482 0.1 497 1 0
51.561 -0.4 497 0 0
51.639 -0.3 497 0 0
51.718 -0.2 495 0 0
51.796 -0.2 497 0 0
51.875 -0.1 497 0 0
51.953 -0.3 497 0 0
52.032 -0.2 497 0 0
52.111 -0.3 497 0 0
52.189 -0.3 497 0 0
52.268 -0.4 497 0 0
52.346 -0.2 498 0 0
52.424 -0.2 498 1 0
52.503 -0.5 497 1 0
52.582 -0.4 496 0 0
52.661 -0.5 497 1 0
52.739 -0.3 497 0 0
52.817 -0.4 496 1 0
52.896 -0.8 497 2 0
52.974 -0.5 497 1 0
53.053 -0.3 497 0 0
53.132 -0.5 497 0 0
53.210 -0.3 497 0 0
53.288 -0.3 497 0 0
53.367 -0.6 497 0 0
53.446 -0.4 497 0 0
53.524 -0.6 498 2 0
53.603 -0.6 497 0 0
53.682 -0.5 496 1 0
53.760 -0.7 497 1 0
53.838 -0.2 498 0 0
53.917 -0.3 497 0 0
53.995 -0.4 497 1 0
54.074 -0.4 497 0 0
54.153 -0.4 497 0 0
54.231 -0.3 496 0 0
54.309 -0.4 497 1 0
54.388 -0.7 497 0 0
54.467 -0.6 495 0 0
54.545 -0.5 497 0 0
54.624 -0.5 498 0 0
54.703 -0.3 497 0 0
54.780 -0.7 497 0 0
54.859 -0.7 497 1 0
54.938 -0.5 497 0 0
55.016 -0.7 497 0 0
55.095 -0.7 497 1 0
55.174 -0.4 498 1 0
55.251 -0.4 497 0 0
55.330 -0.6 497 0 0
55.409 -0.3 497 1 0
55.488 -0.5 494 0 0
55.566 -0.2 498 0 0
55.645 -0.2 497 1 0
55.724 -0.4 496 0 0
55.801 -0.3 497 0 0
55.880 -0.3 497 0 0
55.959 -0.4 497 0 0
56.037 -0.5 497 0 0
56.116 -0.1 497 1 0
56.195 -0.5 497 0 0
56.273 -0.2 497 0 0
56.351 -0.2 497 0 0
56.430 -0.3 497 1 0
56.509 -0.0 496 1 0
56.587 -0.4 498 0 0
56.666 -0.7 497 0 0
56.744 -0.1 497 1 0
56.822 -0.4 498 0 0
56.901 -0.4 497 0 0
56.980 -0.1 497 0 0
57.058 -0.5 497 0 0
57.137 -0.4 498 0 0
57.216 -0.5 496 0 0
57.294 -0.3 495 1 0
57.372 -0.5 497 0 0
57.451 -0.5 497 0 0
57.530 -0.4 497 0 0
57.608 -0.2 497 1 0
57.687 -0.2 497 1 0
57.765 -0.4 497 0 0
57.843 -0.2 497 1 0
57.922 -0.4 497 2 0
58.001 -0.0 497 0 0
58.080 -0.2 496 0 0
58.158 -0.2 497 0 0
58.236 -0.2 497 0 0
58.315 0.1 497 0 0
58.393 0.3 497 1 0
58.472 0.1 496 1 0
58.551 -0.2 497 0 0
58.629 -0.1 497 0 0
58.707 -0.2 497 1 0
58.786 -0.1 497 0 0
58.864 -0.2 497 0 0
58.943 -0.3 497 1 0
59.022 -0.5 498 0 0
59.101 -0.4 497 0 0
59.179 0.0 497 0 0
59.257 0.1 497 1 0
59.336 0.1 497 0 0
59.414 0.1 497 0 0
59.493 -0.1 497 1 0
59.572 -0.3 497 1 0
59.650 -0.2 497 0 0
59.728 -0.1 497 1 0
59.807 -0.1 497 1 0
59.885 -0.1 497 1 0
59.964 -0.6 494 0 0
60.043 -0.4 499 1 0
60.122 -0.3 497 0 0
60.199 -0.2 498 0 0
60.278 -0.2 497 0 0
60.357 -0.6 497 1 0
60.435 -0.4 498 0 0
60.514 -0.2 497 1 0
60.593 -0.4 497 0 0
60.670 -0.2 497 0 0
60.749 -0.5 497 0 0
60.828 -0.7 497 0 0
60.907 -0.3 497 0 0
60.985 -0.4 497 0 0
61.064 -0.8 497 0 0
61.143 -0.4 496 0 0
61.220 -0.2 497 0 0
61.299 -0.6 497 0 0
61.378 -0.7 494 0 0
61.456 -0.2 497 2 0
61.535 -0.6 497 0 0
61.614 -0.5 497 0 0
61.692 -0.4 497 0 0
61.770 -0.7 497 1 0
61.849 -0.4 497 0 0
61.928 -0.8 497 0 0
62.006 -0.3 497 1 0
62.085 -0.4 497 0 0
62.163 -0.6 497 0 0
62.241 -0.9 497 1 0
62.320 -0.6 497 0 0
62.399 -0.2 497 0 0
62.477 -0.7 496 1 0
62.556 -0.5 497 1 0
62.635 -0.4 497 1 0
62.713 -0.4 494 0 0
62.791 -0.5 497 0 0
62.870 -0.5 498 0 0
62.949 -0.2 497 0 0
63.027 -0.2 497 0 0
63.106 -0.5 497 1 0
63.184 -0.3 498 0 0
63.262 -0.0 496 0 0
63.341 -0.3 497 1 0
63.420 -0.1 497 1 0
63.498 -0.2 497 0 0
63.577 -0.5 497 0 0
63.655 -0.6 498 0 0
63.734 -0.8 497 0 0
63.812 -0.8 497 0 0
63.891 -0.7 497 0 0
63.970 -0.3 497 1 0
64.048 -0.1 497 0 0
64.126 -0.5 497 2 0
64.205 -0.7 497 1 0
64.283 -0.5 498 0 0
64.362 -0.6 497 0 0
64.441 -0.7 497 0 0
64.520 -0.7 497 0 0
64.598 -0.5 497 0 0
64.676 -0.9 497 0 0
64.755 -0.7 497 1 0
64.833 -0.5 498 0 0
64.912 -0.6 497 1 0
64.991 -0.8 496 1 0
65.069 -0.5 498 0 0
65.147 -0.6 497 0 0
65.226 -0.3 497 1 0
65.304 -1.1 497 0 0
65.383 -0.3 497 0 0
65.462 -0.5 493 430 1
65.541 -0.6 494 431 1
65.618 -0.7 495 431 1
65.697 -0.5 494 431 0
65.776 -0.8 494 431 0
65.855 -0.7 495 431 2
65.934 -0.6 496 431 1
66.012 -0.6 497 0 0
66.091 -0.6 497 0 0
66.169 -0.4 497 0 0
66.247 -0.7 497 0 0
66.326 -0.5 497 0 0
66.405 -0.5 497 0 0
66.484 -0.3 498 0 0
66.562 -0.2 497 1 0
66.640 -0.3 497 0 0
66.719 -0.4 497 0 0
66.797 -0.4 500 0 0
66.876 -0.3 497 0 0
66.955 -0.4 495 1 0
67.034 -0.4 496 431 1
67.111 -0.2 495 431 0
67.190 -0.4 495 431 2
67.269 -0.4 495 431 2
67.348 -0.9 495 431 1
67.426 -0.4 497 430 0
67.505 -0.6 498 1 0
67.584 -0.6 498 2 0
67.662 -0.8 497 0 0
67.740 -0.6 497 1 0
67.819 -0.4 497 0 0
67.898 -0.5 498 0 0
67.976 -0.6 497 0 0
68.055 -0.6 497 1 0
68.133 -0.6 497 0 0
68.211 -0.5 496 0 0
68.290 -0.6 497 0 0
68.369 -0.5 498 0 0
68.448 -0.4 498 0 0
68.526 -0.7 495 431 1
68.604 -0.9 495 431 2
68.683 -0.5 496 431 1
68.762 -0.4 495 431 1
68.840 -0.3 495 431 2
68.919 -0.2 496 431 1
68.998 -0.3 498 0 0
69.076 -0.3 498 0 0
69.154 -0.3 497 1 0
69.233 -0.4 498 0 0
69.312 -0.1 498 0 0
69.390 -0.1 497 0 0
69.469 -0.0 497 1 0
69.548 -0.5 498 0 0
69.626 -0.2 497 0 0
69.704 -0.4 495 1 0
69.783 -0.6 498 0 0
69.862 -0.7 498 0 0
69.940 -0.6 498 0 0
70.019 -0.4 497 1 0
70.097 -0.7 497 1 0
70.175 -0.6 497 1 0
70.254 -0.6 498 0 0
70.333 -0.3 498 1 0
70.412 -0.7 497 0 0
70.490 -0.5 498 0 0
70.568 -0.7 497 0 0
70.647 -0.7 497 0 0
70.725 -0.7 497 2 0
70.804 -0.7 497 0 0
70.883 -0.8 498 1 0
70.961 -0.8 496 1 0
71.040 -0.6 498 1 0
71.118 -0.9 497 1 0
71.196 -0.9 497 0 0
71.275 -0.9 498 1 0
71.354 -0.7 497 2 0
71.433 -0.8 498 0 0
71.511 -0.8 497 0 0
71.589 -0.7 497 1 0
71.668 -0.6 497 1 0
71.746 -0.6 498 0 0
71.825 -0.8 497 0 0
71.904 -0.6 497 1 0
71.982 -0.6 498 0 0
72.060 -0.4 497 0 0
72.139 -0.6 497 1 0
72.218 -0.5 497 0 0
72.296 -0.5 497 0 0
72.375 -0.8 496 0 0
72.454 -0.4 495 1 0
72.531 -0.7 497 0 0
72.610 -0.3 497 0 0
72.689 -0.5 497 2 0
72.767 -0.3 498 2 0
72.846 -0.5 497 0 0
72.925 -0.4 497 0 0
73.003 -0.5 500 1 0
73.081 -0.5 498 0 0
73.160 -0.5 497 0 0
73.239 -0.5 497 1 0
73.317 -0.1 497 1 0
73.396 -0.1 497 0 0
73.475 -0.4 497 0 0
73.552 -0.3 497 1 0
73.631 -0.6 498 0 0
73.710 -0.4 496 0 0
73.788 -0.3 497 0 0
73.867 -0.4 497 0 0
73.946 -0.6 497 0 0
74.024 -0.5 497 0 0
74.102 -0.5 496 0 0
74.181 -0.8 497 0 0
74.260 -0.7 497 0 0
74.338 -0.6 497 0 0
74.417 -0.8 497 1 0
74.496 -0.5 497 0 0
74.573 -0.9 497 1 0
74.652 -0.6 499 1 0
74.731 -0.4 498 0 0
74.810 -0.6 497 0 0
74.888 -0.6 496 0 0
74.967 -0.5 497 0 0
75.045 -0.2 497 0 0
75.123 -0.4 496 0 0
75.202 -0.3 494 0 0
75.281 -0.5 497 1 0
75.359 -0.4 497 0 0
75.438 -0.3 496 1 0
75.516 -0.4 497 1 0
75.595 -0.5 500 0 0
75.673 -0.4 497 0 0
75.752 -0.5 497 1 0
75.831 -0.5 497 1 0
75.909 -0.6 496 0 0
75.987 -0.4 497 0 0
76.066 -0.4 497 1 0
76.144 -0.7 496 0 0
76.223 -0.3 494 1 0
76.302 -0.5 497 1 0
76.381 -0.3 497 0 0
76.459 -0.7 496 1 0
76.537 -0.5 496 0 0
76.616 -0.4 497 1 0
76.694 -0.7 496 0 0
76.773 -0.4 496 1 0
76.852 -0.8 496 1 0
76.930 -0.8 496 0 0
77.008 -0.9 495 1 0
77.087 -0.9 497 0 0
77.165 -0.3 496 0 0
77.244 -0.6 496 0 0
77.323 -0.6 495 0 0
77.402 -0.7 496 1 0
77.479 -0.6 496 0 0
77.558 -0.3 496 0 0
77.637 -0.3 496 2 0
77.715 -0.3 496 1 0
77.794 -0.3 496 0 0
77.873 -0.5 496 0 0
77.950 -0.4 493 0 0
78.029 -0.5 496 0 0
78.108 -0.4 496 1 0
78.187 -0.3 496 1 0
78.265 -0.2 496 0 0
78.344 -0.1 496 0 0
78.423 -0.2 496 0 0
78.500 -0.1 496 0 0
78.579 -0.6 496 0 0
78.658 -0.3 495 1 0
78.736 -0.6 496 2 0
78.815 -0.2 496 0 0
78.894 -0.5 496 0 0
78.972 -0.3 495 0 0
79.050 -0.6 493 1 0
79.129 -0.5 496 0 0
79.208 -0.6 495 0 0
79.286 -0.6 496 0 0
79.365 -0.6 496 0 0
79.443 -0.5 495 1 0
79.521 -0.4 495 0 0
79.600 -0.6 496 1 0
79.679 -0.7 495 0 0
79.758 -0.8 495 0 0
79.836 -0.7 495 2 0
79.915 -0.5 496 0 0
79.993 -0.7 496 0 0
80.071 -0.9 496 0 0
80.150 -0.7 496 2 0
80.229 -0.7 495 0 0
80.307 -0.5 495 0 0
80.386 -0.6 495 1 0
80.464 -0.8 496 0 0
80.543 -0.6 496 0 0
80.621 -0.5 495 0 0
80.700 -0.4 493 0 0
80.779 -0.7 495 0 0
80.857 -0.5 496 0 0
80.935 -0.5 495 1 0
81.014 -0.9 496 1 0
81.092 -0.9 496 0 0
81.171 -1.0 496 0 0
81.250 -0.8 496 0 0
81.328 -0.7 495 0 0
81.406 -0.8 495 0 0
81.485 -0.7 496 0 0
81.564 -0.8 496 0 0
81.642 -1.0 496 1 0
81.721 -0.8 496 0 0
81.800 -0.9 496 0 0
81.878 -0.9 496 0 0
81.956 -0.8 495 0 0
82.035 -0.9 496 0 0
82.113 -0.9 496 0 0
82.192 -0.7 495 0 0
82.271 -0.7 496 0 0
82.350 -0.4 496 1 0
82.427 -0.6 496 0 0
82.506 -0.5 496 0 0
82.585 -0.8 496 1 0
82.663 -0.6 496 0 0
82.742 -0.7 496 1 0
82.821 -0.9 496 0 0
82.898 -0.4 496 0 0
82.977 -0.7 496 0 0
83.056 -0.6 496 0 0
83.135 -0.5 496 1 0
83.213 -0.8 496 0 0
83.292 -0.7 495 1 0
83.371 -0.6 496 0 0
83.448 -0.6 491 1 0
83.527 -0.6 495 0 0
83.606 -0.9 497 1 0
83.684 -0.7 495 1 0
83.763 -0.5 496 0 0
83.842 -0.3 496 1 0
83.920 -0.5 496 0 0
83.998 -0.5 496 0 0
84.077 -0.6 496 0 0
84.156 -0.4 496 1 0
84.234 -0.6 496 1 0
84.313 -0.9 496 1 0
84.391 -0.8 496 2 0
84.469 -0.8 496 1 0
84.548 -1.1 496 1 0
84.627 -1.0 496 0 0
84.706 -1.0 495 0 0
84.784 -1.3 496 0 0
84.862 -0.6 496 0 0
84.941 -0.7 495 2 0
85.019 -0.7 496 1 0
85.098 -0.7 496 1 0
85.177 -0.6 496 0 0
85.255 -0.9 495 0 0
85.334 -0.9 496 0 0
85.412 -0.8 495 0 0
85.491 -1.1 496 0 0
85.569 -1.1 496 0 0
85.648 -1.2 497 2 0
85.727 -0.8 496 0 0
85.805 -0.8 496 2 0
85.883 -1.0 496 0 0
85.962 -0.9 499 0 0
86.040 -1.0 496 0 0
86.119 -0.9 495 0 0
86.198 -0.9 495 0 0
86.277 -0.9 496 0 0
86.354 -0.7 496 1 0
86.433 -0.6 496 2 0
86.512 -0.9 496 0 0
86.590 -0.8 496 0 0
86.669 -0.9 496 0 0
86.748 -0.8 499 0 0
86.825 -0.8 496 0 0
86.904 -0.6 496 0 0
86.983 -0.7 496 0 0
87.062 -0.8 496 0 0
87.140 -1.0 495 0 0
87.219 -0.6 496 1 0
87.298 -0.2 496 1 0
87.375 -0.6 496 0 0
87.454 -0.6 495 0 0
87.533 -0.5 496 0 0
87.611 -0.9 496 0 0
87.690 -0.7 494 1 0
87.769 -0.8 496 0 0
87.847 -1.0 496 0 0
87.925 -0.7 496 0 0
88.004 -0.5 498 1 0
88.083 -0.6 496 0 0
88.161 -0.8 496 0 0
88.240 -0.6 496 1 0
88.318 -0.6 496 1 0
88.396 -0.6 496 1 0
88.475 -0.9 496 0 0
88.554 -0.6 496 0 0
88.633 -1.1 495 0 0
88.711 -0.5 496 1 0
88.790 -0.5 496 1 0
88.868 -1.0 497 0 0
88.946 -0.9 495 1 0
89.025 -1.0 496 0 0
89.104 -0.9 493 1 0
89.182 -0.8 497 2 0
89.261 -1.0 496 0 0
89.339 -0.8 496 0 0
89.418 -0.9 498 1 0
89.496 -0.8 496 0 0
89.575 -0.9 496 1 0
89.654 -0.7 496 1 0
89.732 -0.9 497 1 0
89.810 -0.9 496 0 0
89.889 -1.0 496 1 0
89.967 -0.9 496 0 0
90.046 -1.1 496 0 0
90.125 -0.7 496 0 0
90.204 -0.8 495 0 0
90.281 -0.9 498 0 0
90.360 -0.9 496 0 0
90.439 -0.9 495 1 0
90.517 -1.0 496 0 0
90.596 -0.7 496 0 0
90.675 -0.3 495 0 0
90.753 -0.8 495 1 0
90.831 -0.6 496 1 0
90.910 -0.6 496 0 0
90.988 -0.5 496 1 0
91.067 -0.4 495 0 0
91.146 -0.5 496 0 0
91.225 -0.7 496 1 0
91.302 -0.6 495 1 0
91.381 -0.8 496 0 0
91.460 -1.0 495 1 0
91.538 -0.7 496 1 0
91.617 -0.5 497 1 0
91.696 -0.5 495 0 0
91.773 -0.7 496 0 0
91.852 -0.5 496 0 1
91.931 -0.8 496 0 0
92.010 -0.8 498 0 0
92.088 -0.7 496 1 0
92.167 -0.5 496 1 0
92.246 -0.9 495 0 0
92.323 -1.0 496 0 0
92.402 -0.9 497 1 0
92.481 -0.5 497 0 0
92.559 -1.0 496 0 0
92.638 -0.8 496 1 0
92.717 -0.8 496 0 0
92.795 -0.5 496 0 0
92.873 -0.6 496 0 0
92.952 -0.8 495 1 0
93.031 -0.7 496 0 0
93.109 -0.6 496 0 0
93.188 -0.6 493 1 0
93.266 -0.8 496 0 0
93.345 -0.6 496 0 0
93.423 -0.6 495 0 0
93.502 -0.6 495 0 0
93.581 -0.5 496 0 0
93.659 -0.6 496 0 0
93.737 -0.5 496 0 0
93.816 -0.8 496 2 0
93.894 -0.8 496 1 0
93.973 -0.8 495 1 0
94.052 -0.8 496 0 0
94.130 -0.7 496 0 0
94.209 -0.7 496 0 0
94.287 -0.7 495 0 0
94.366 -0.8 496 2 0
94.444 -0.9 495 0 0
94.523 -0.8 495 0 0
94.602 -0.9 495 1 0
94.680 -0.9 496 0 0
94.758 -0.6 496 0 0
94.837 -0.7 496 0 0
94.915 -0.5 496 1 0
94.994 -0.7 496 0 0
95.073 -0.5 495 0 0
95.152 -0.6 495 2 0
95.229 -0.6 496 1 0
95.308 -0.5 496 1 0
95.387 -0.5 495 0 0
95.465 -0.7 496 1 0
95.544 -0.7 496 0 0
95.623 -0.6 495 1 0
95.700 -0.8 495 1 0
95.779 -0.7 496 0 0
95.858 -0.7 495 0 0
95.937 -0.5 493 1 0
96.015 -0.5 496 1 0
96.094 -0.6 496 0 0
96.173 -0.4 495 1 0
96.250 -0.6 496 1 0
96.329 -0.8 496 1 0
96.408 -0.6 495 0 0
96.486 -0.8 496 0 0
96.565 -0.5 499 2 0
96.644 -0.5 496 0 0
96.722 -0.3 496 0 0
96.800 -0.6 496 1 0
96.879 -0.3 496 0 0
96.958 -0.8 496 0 0
97.036 -0.8 497 2 0
97.115 -0.9 496 1 0
97.193 -0.3 494 0 0
97.271 -0.8 495 2 0
97.350 -0.6 496 1 0
97.429 -0.9 496 0 0
97.508 -0.8 495 0 0
97.586 -0.8 496 1 0
97.665 -1.1 493 0 0
97.743 -0.8 495 1 0
97.821 -0.7 495 0 0
97.900 -0.5 495 1 0
97.979 -0.7 496 0 0
98.057 -0.8 496 0 0
98.136 -0.8 496 0 0
98.214 -1.1 496 0 0
98.292 -0.6 496 0 0
98.371 -0.7 495 0 0
98.450 -0.6 495 1 0
98.529 -0.5 498 0 0
98.607 -0.5 496 0 0
98.685 -0.8 495 0 0
98.764 -0.5 496 1 0
98.842 -0.5 496 0 0
98.921 -0.9 495 1 0
99.000 -0.8 496 1 0
99.078 -0.7 496 0 0
99.156 -0.4 496 1 0
99.235 -0.7 495 0 0
99.314 -0.8 496 0 0
99.392 -0.4 496 0 0
99.471 -0.7 495 1 0
99.550 -0.8 496 1 0
99.628 -0.8 495 0 0
99.706 -0.5 495 0 0
99.785 -0.5 495 1 0
99.863 -0.4 496 0 0
99.942 -0.5 494 0 0
100.021 -0.7 496 1 0
100.100 -0.5 496 1 0
100.177 -0.6 496 0 0
100.256 -0.6 496 0 0
100.335 -0.5 495 1 0
100.414 -0.5 496 1 0
100.492 -0.4 496 0 0
100.571 -0.3 496 1 0
100.649 -0.7 496 1 0
100.728 -0.6 496 0 0
100.806 -0.6 498 1 0
100.885 -0.4 495 1 0
100.964 -0.3 496 2 0
101.042 -0.2 496 0 0
101.121 -0.4 496 0 0
101.199 -0.6 495 2 0
101.278 -0.7 496 0 0
101.356 -0.6 495 0 0
101.435 -0.5 493 1 0
101.514 -0.8 496 0 0
101.593 -1.1 496 0 0
101.670 -0.6 496 0 0
101.749 -0.8 495 0 0
101.828 -0.7 496 0 0
101.907 -0.7 495 0 0
101.985 -0.6 496 0 0
102.064 -0.5 496 1 0
102.142 -0.6 496 0 0
102.221 -0.6 496 0 0
102.299 -0.4 495 0 0
102.378 -0.5 496 0 0
102.457 -0.6 496 1 0
102.536 -0.9 495 1 0
102.614 -0.6 496 0 0
102.692 -0.4 495 0 0
102.771 -0.2 495 0 0
102.850 -0.4 495 1 0
102.928 -0.6 496 0 0
103.007 -0.7 496 0 0
103.086 -0.7 496 2 0
103.163 -0.8 496 0 0
103.242 -0.9 495 0 0
103.321 -0.6 496 1 0
103.400 -0.5 495 1 0
103.478 -0.7 496 0 0
103.557 -0.6 496 0 0
103.635 -0.9 495 1 0
103.714 -0.5 496 1 0
103.792 -0.8 496 0 0
103.871 -0.8 496 0 0
103.950 -0.6 496 0 0
104.029 -0.6 496 2 0
104.107 -0.5 495 0 0
104.185 -1.0 495 0 0
104.264 -0.8 496 0 0
104.343 -1.1 496 0 0
104.421 -1.0 496 0 0
104.500 -0.8 496 1 0
104.579 -1.0 496 1 0
104.657 -0.8 496 0 0
104.735 -1.1 495 0 0
104.814 -0.8 496 0 0
104.893 -0.8 497 0 0
104.972 -1.0 496 0 0
105.050 -1.0 496 0 0
105.128 -0.7 496 1 0
105.207 -0.9 496 0 0
105.285 -1.0 495 0 0
105.364 -1.1 496 1 0
105.443 -1.0 496 1 0
105.522 -0.9 496 1 0
105.600 -0.9 496 0 0
105.678 -0.9 494 0 0
105.757 -0.8 496 0 0
105.836 -0.7 496 0 0
105.914 -0.7 496 1 0
105.993 -0.7 496 0 0
106.072 -0.6 496 0 0
106.150 -0.7 496 0 0
106.228 -0.9 497 1 0
106.307 -0.7 496 0 0
106.386 -0.9 496 1 0
106.465 -0.7 496 1 0
106.543 -0.8 496 0 0
106.621 -0.8 496 1 0
106.700 -0.9 496 1 0
106.779 -0.5 496 0 0
106.857 -0.7 495 0 0
106.936 -0.9 495 0 0
107.015 -0.7 496 0 0
107.094 -0.8 496 0 0
107.171 -0.9 495 1 0
107.250 -0.8 496 0 0
107.329 -0.7 497 1 0
107.407 -1.1 496 0 0
107.486 -0.8 495 2 0
107.565 -1.0 496 0 0
107.643 -0.9 496 0 0
107.721 -0.9 496 0 0
107.800 -0.8 497 0 0
107.879 -0.7 496 1 0
107.958 -0.8 496 0 0
108.036 -0.9 496 1 0
108.114 -0.8 496 1 0
108.193 -0.9 496 0 0
108.272 -0.7 496 0 0
108.350 -0.7 495 0 0
108.429 -0.6 493 1 0
108.508 -0.8 496 1 0
108.587 -0.9 496 0 0
108.664 -0.8 496 0 0
108.743 -0.9 496 1 0
108.822 -0.9 496 0 0
108.901 -0.6 496 0 0
108.979 -0.4 496 1 0
109.058 -0.5 496 1 0
109.136 -0.9 496 0 0
109.215 -1.0 496 1 0
109.293 -0.6 496 2 0
109.372 -0.8 496 0 0
109.451 -0.9 495 0 0
109.530 -0.9 496 0 0
109.607 -0.9 496 0 0
109.686 -1.1 495 1 0
109.765 -0.7 496 1 0
109.844 -0.8 496 0 0
109.922 -0.8 495 0 0
110.001 -0.8 495 0 0
110.080 -0.6 496 1 0
110.157 -1.0 496 0 0
110.236 -0.9 496 0 0
110.315 -0.7 496 1 0
110.394 -0.8 496 0 0
110.472 -1.1 495 0 0
110.551 -0.9 496 0 0
110.629 -0.7 496 1 0
110.708 -0.7 493 0 0
110.786 -0.9 495 1 0
110.865 -0.6 496 2 0
110.944 -0.8 496 0 0
111.023 -0.8 496 0 0
111.100 -0.8 496 0 0
111.179 -0.8 494 0 0
111.258 -0.9 496 0 0
111.337 -0.7 496 1 0
111.415 -0.9 496 1 0
111.494 -0.8 496 1 0
111.572 -0.9 496 0 0
111.651 -1.0 495 0 0
111.729 -0.9 496 1 0
111.808 -0.9 496 1 0
111.887 -1.0 495 0 0
111.966 -0.8 495 1 0
112.044 -1.0 496 0 0
112.122 -1.0 496 0 0
112.201 -0.9 496 1 0
112.280 -1.0 496 1 0
112.358 -1.0 495 0 0
112.437 -1.1 495 0 0
112.516 -1.2 496 1 0
112.594 -1.0 495 0 0
112.672 -1.2 494 0 0
112.751 -1.1 496 0 0
112.830 -1.0 496 0 0
112.909 -1.0 496 0 0
112.987 -1.0 495 0 0
113.065 -1.0 496 0 0
113.144 -1.0 496 0 0
113.223 -1.0 496 0 0
113.301 -0.9 495 0 0
113.380 -0.8 496 0 0
113.459 -1.0 498 0 0
113.537 -0.9 495 0 0
113.615 -0.8 496 1 0
113.694 -0.8 496 1 0
113.773 -0.8 496 0 0
113.851 -1.0 495 0 0
113.930 -0.7 494 1 0
114.009 -0.5 496 1 0
114.087 -0.7 496 0 0
114.165 -0.5 496 0 0
114.244 -0.7 496 2 0
114.323 -0.8 496 2 0
114.402 -0.7 496 0 0
114.480 -0.9 499 1 0
114.558 -0.6 496 0 0
114.637 -0.8 496 0 0
114.716 -0.9 496 1 0
114.794 -0.9 496 0 0
114.873 -0.9 496 0 0
114.952 -0.8 496 1 0
115.031 -0.9 496 2 0
115.108 -1.1 496 0 0
115.187 -0.9 495 0 0
115.266 -1.0 496 0 0
115.344 -0.9 495 0 0
115.423 -1.0 493 0 0
115.502 -0.9 496 1 0
115.580 -0.5 496 1 0
115.658 -0.7 496 0 0
115.737 -0.6 498 0 0
115.816 -0.6 495 0 0
115.895 -0.7 495 1 0
115.973 -0.6 496 0 0
116.051 -0.6 496 0 0
116.130 -0.8 496 1 1
116.209 -1.0 496 0 0
116.287 -1.1 495 0 0
116.366 -0.9 495 0 0
116.445 -1.1 496 1 0
116.524 -0.7 496 0 0
116.601 -1.0 496 0 0
116.680 -1.0 495 1 0
116.759 -0.8 496 1 0
116.838 -1.0 496 0 0
116.916 -0.9 496 1 0
116.995 -0.9 493 0 426
117.073 -0.9 494 0 427
117.152 -0.9 493 0 426
117.231 -1.0 493 0 426
117.309 -1.5 493 1 426
117.388 -0.9 493 0 426
117.467 -1.2 496 0 0
117.545 -1.0 496 1 0
117.624 -0.9 496 0 0
117.702 -1.1 495 0 0
117.781 -1.3 496 0 0
117.860 -1.2 496 0 0
117.939 -0.9 496 0 0
118.017 -1.1 495 0 0
118.095 -1.0 496 0 0
118.174 -0.8 494 0 0
118.253 -1.0 496 0 0
118.331 -0.9 496 0 0
118.410 -1.3 496 1 0
118.489 -1.2 493 0 426
118.567 -1.3 493 0 426
118.645 -1.0 493 0 426
118.724 -1.0 493 0 427
118.803 -0.9 493 0 427
118.882 -1.1 492 0 426
118.961 -1.0 496 1 0
119.040 -1.1 496 1 0
119.117 -0.6 496 0 0
119.196 -1.2 496 1 0
119.275 -1.1 496 1 0
119.354 -1.0 495 0 0
119.432 -0.8 495 0 0
119.511 -1.0 496 1 0
119.589 -0.9 496 0 0
119.667 -0.8 494 0 0
119.746 -0.9 495 1 0
119.825 -0.6 496 2 0
119.904 -1.0 495 0 0
119.982 -0.9 493 0 426
120.060 -0.7 494 2 426
120.139 -0.9 493 0 427
120.218 -0.8 500 0 0
120.297 -1.1 500 0 0
120.375 -0.8 500 0 0
120.454 -1.0 500 0 0
120.532 -0.8 500 1 0
120.611 -0.9 500 0 0
120.689 -1.0 501 0 0
120.768 -0.9 500 0 0
120.847 -0.8 500 0 0
120.926 -0.8 500 1 0
121.004 -0.9 500 0 0
121.082 -0.6 500 0 0
121.161 -0.7 500 1 0
121.240 -1.0 500 0 0
121.318 -0.8 499 0 0
121.397 -0.7 500 0 0
121.476 -0.8 500 0 0
121.554 -0.9 500 0 0
121.632 -1.0 500 1 0
121.711 -0.9 500 0 0
121.790 -0.6 500 1 0
121.869 -0.7 502 0 0
121.947 -1.1 499 1 0
122.025 -1.2 500 1 0
122.104 -1.1 500 0 0
122.182 -1.0 499 0 0
122.261 -1.0 500 1 0
122.340 -0.8 500 1 0
122.419 -0.7 499 0 0
122.497 -0.6 499 0 0
122.575 -1.4 498 1 0
122.654 -1.1 499 0 0
122.733 -1.2 499 1 0
122.811 -1.2 499 0 0
122.890 -0.8 500 1 0
122.969 -1.2 500 0 0
123.047 -1.2 500 0 0
123.125 -1.0 499 0 0
123.204 -1.2 500 0 0
123.283 -1.1 499 1 0
123.362 -1.2 500 0 0
123.440 -1.0 500 0 0
123.518 -0.8 500 0 0
123.597 -0.9 499 1 0
123.676 -1.0 500 1 0
123.754 -1.1 500 0 0
123.833 -0.7 500 0 0
123.912 -0.8 500 1 0
123.991 -0.8 499 0 0
124.068 -0.7 500 0 0
124.147 -0.6 499 1 0
124.226 -0.8 500 0 0
124.305 -0.7 500 1 0
124.383 -0.7 500 0 0
124.462 -0.5 499 0 0
124.540 -0.9 500 1 0
124.619 -0.6 497 0 0
124.697 -0.6 499 0 0
124.776 -0.7 499 0 0
124.855 -0.6 499 2 0
124.933 -0.6 501 0 0
125.011 -0.4 499 1 0
125.090 -0.4 500 1 0
125.169 -0.5 500 0 0
125.247 -0.5 501 0 0
125.326 -0.6 499 0 0
125.405 -0.5 500 1 0
125.484 -0.8 499 0 0
125.561 -0.7 499 0 0
125.640 -0.7 499 0 0
125.719 -1.0 499 1 0
125.798 -0.7 502 0 0
125.876 -0.6 499 0 0
125.955 -0.5 500 0 0
126.033 -0.5 500 0 0
126.112 -0.6 500 0 0
126.190 -0.7 499 1 0
126.269 -0.8 500 0 0
126.348 -0.8 499 0 0
126.427 -0.3 499 0 0
126.504 -0.8 499 1 0
126.583 -1.0 499 1 0
126.662 -0.8 499 0 0
126.741 -1.0 499 0 0
126.819 -0.7 500 0 0
126.898 -0.8 499 0 0
126.977 -0.9 499 0 0
127.054 -0.9 499 1 0
127.133 -0.7 499 0 0
127.212 -0.8 499 0 0
127.291 -0.7 499 0 0
127.369 -0.6 500 0 0
127.448 -0.9 499 0 0
127.526 -0.6 500 0 0
127.605 -0.7 491 3 1
127.683 -1.2 493 0 0
127.762 -0.7 496 0 0
127.841 -1.0 494 1 0
127.920 -0.8 499 0 0
127.997 -0.7 500 0 0
128.076 -0.8 499 0 0
128.155 -0.9 494 3 0
128.234 -0.6 493 1 0
128.312 -0.9 492 0 0
128.391 -0.8 493 0 0
128.470 -0.8 500 1 0
128.548 -0.9 500 0 0
128.626 -0.7 500 0 0
128.705 -0.9 499 0 0
128.784 -0.6 491 2 0
128.863 -0.7 492 0 0
128.941 -0.7 493 1 0
129.019 -0.7 492 0 0
129.098 -1.0 500 1 0
129.177 -0.9 500 0 0
129.255 -0.8 499 0 0
129.334 -1.0 500 1 0
129.413 -1.0 494 0 0
129.491 -1.1 491 0 0
129.569 -1.0 491 2 0
129.648 -1.1 499 1 0
129.727 -0.9 500 0 0
129.805 -0.8 500 0 0
129.884 -0.9 500 0 0
129.963 -0.9 500 0 0
130.041 -1.0 499 2 0
130.119 -0.9 501 0 0
130.198 -0.9 500 0 0
130.277 -1.1 500 0 0
130.356 -0.9 500 0 0
130.434 -0.8 502 0 0
130.512 -1.0 491 0 0
130.591 -1.0 493 0 0
130.670 -0.9 494 4 1
130.748 -1.2 499 0 0
130.827 -1.1 500 0 0
130.906 -1.2 500 0 0
