#Apogee (m) = 148.70

#Error code = 0
#Time (s) Altitude (m)
0.00 0.00
0.25 -2.30
0.50 -2.40
0.75 -3.20
1.00 -4.00
1.25 -3.50
1.50 -4.30
1.75 -4.90
2.00 -4.80
2.25 48.60
2.50 145.20
2.75 138.20
3.00 122.10
3.25 109.40
3.50 98.80
3.75 89.50
4.00 83.10
4.25 74.90
4.50 69.00
4.75 61.70
5.00 55.80
5.25 52.70
5.50 47.80
5.75 43.50
6.00 39.80
6.25 35.70
6.50 33.40
6.75 30.50
7.00 28.00
7.25 25.10
7.50 22.70
7.75 21.20
8.00 19.20
8.25 17.50
8.50 16.00
8.75 13.90
9.00 13.00
9.25 11.50
9.50 10.60
9.75 9.30
10.00 8.30
10.25 7.60
10.50 6.70
10.75 5.80
11.00 5.00
11.25 4.40
11.50 3.80
11.75 3.40
12.00 2.80
12.25 2.10
12.50 1.60
12.75 1.30
13.00 1.20
13.25 0.40
13.50 0.20
13.75 0.00
14.00 -0.10
14.25 -0.40
14.50 -0.70
14.75 -1.00
15.00 -1.20
15.25 -1.20
15.50 -1.50
15.75 -1.70
16.00 -1.80
16.25 -1.90
