#Apogee (m) = 468.90

#Error code = 0
#Time (s) Altitude (m)
0.00 0.00
0.25 0.40
0.50 0.40
0.75 1.80
1.00 1.30
1.25 1.20
1.50 1.10
1.75 0.90
2.00 -9.20
2.25 -109.30
2.50 106.30
2.75 418.50
3.00 459.40
3.25 468.90
3.50 441.60
3.75 402.40
4.00 372.50
4.25 352.00
4.50 330.20
4.75 314.70
5.00 297.50
5.25 281.30
5.50 266.70
5.75 252.90
6.00 238.20
6.25 228.50
6.50 216.00
6.75 203.60
7.00 190.00
7.25 174.80
7.50 163.10
7.75 146.80
8.00 130.30
8.25 114.00
8.50 98.20
8.75 87.70
9.00 75.20
9.25 65.00
9.50 55.90
9.75 48.20
10.00 43.30
10.25 37.40
10.50 32.70
10.75 28.80
11.00 25.00
11.25 23.00
11.50 20.30
11.75 18.30
12.00 16.10
12.25 14.30
12.50 13.20
12.75 11.90
13.00 11.00
13.25 9.80
13.50 8.90
13.75 8.20
14.00 7.50
14.25 6.90
14.50 6.50
14.75 5.90
15.00 5.30
15.25 5.10
15.50 4.50
15.75 4.30
16.00 4.10
16.25 3.70
16.50 3.40
16.75 3.70
17.00 3.40
17.25 2.90
17.50 2.70
17.75 2.60
18.00 2.50
