#Apogee (m) = 1852.00

#Error code = 0
#Time (s) Altitude (m)
0.00 0.90
0.25 -0.80
0.50 0.10
0.75 0.60
1.00 51.00
1.25 32.60
1.50 -19.10
1.75 -14.30
2.00 58.80
2.25 116.60
2.50 102.40
2.75 73.40
3.00 112.80
3.25 208.40
3.50 269.60
3.75 263.90
4.00 260.50
4.25 327.40
4.50 429.80
4.75 479.30
5.00 463.60
5.25 467.50
5.50 545.40
5.75 641.90
6.00 672.40
6.25 650.30
6.50 664.40
6.75 748.70
7.00 835.00
7.25 847.60
7.50 822.70
7.75 848.30
8.00 938.10
8.25 1010.00
8.50 1004.40
8.75 981.70
9.00 1020.50
9.25 1110.60
9.50 1165.90
9.75 1147.20
10.00 1126.50
10.25 1179.20
10.50 1267.20
10.75 1302.90
11.00 1272.20
11.25 1261.10
11.50 1324.70
11.75 1405.50
12.00 1421.70
12.25 1384.30
12.50 1383.80
12.75 1455.10
13.00 1525.20
13.25 1522.70
13.50 1482.70
13.75 1494.50
14.00 1570.80
14.25 1627.30
14.50 1608.00
14.75 1568.90
15.00 1594.00
15.25 1669.80
15.50 1708.90
15.75 1675.00
16.00 1690.10
16.25 1704.70
16.50 1717.80
16.75 1730.30
17.00 1740.90
17.25 1752.60
17.50 1763.00
17.75 1773.50
18.00 1782.80
18.25 1792.90
18.50 1800.60
18.75 1807.50
19.00 1815.60
19.25 1820.90
19.50 1827.60
19.75 1832.10
20.00 1836.40
20.25 1840.90
20.50 1845.40
20.75 1847.10
21.00 1848.90
21.25 1851.00
21.50 1852.00
21.75 1851.20
22.00 1851.60
22.25 1851.90
22.50 1848.60
22.75 1847.30
23.00 1843.50
23.25 1842.00
23.50 1838.00
23.75 1832.30
24.00 1826.50
24.25 1822.20
24.50 1815.60
24.75 1808.70
25.00 1800.80
25.25 1792.50
25.50 1783.60
25.75 1774.60
26.00 1763.80
26.25 1753.60
26.50 1742.10
26.75 1728.80
27.00 1717.30
27.25 1704.50
27.50 1690.40
27.75 1676.10
28.00 1673.40
28.25 1694.10
28.50 1642.80
28.75 1567.90
29.00 1558.40
29.25 1601.20
29.50 1606.00
29.75 1538.00
30.00 1469.90
30.25 1473.60
30.50 1513.20
30.75 1497.80
31.00 1419.20
31.25 1359.90
31.50 1374.00
31.75 1406.00
32.00 1372.20
32.25 1286.10
32.50 1237.00
32.75 1259.90
33.00 1280.00
33.25 1229.20
33.50 1139.70
33.75 1103.00
34.00 1129.50
34.25 1137.00
34.50 1069.20
34.75 980.90
35.00 956.60
35.25 983.40
35.50 974.30
35.75 892.60
36.00 808.60
36.25 796.40
36.50 821.00
36.75 793.00
37.00 698.70
37.25 624.70
37.50 623.70
37.75 641.80
38.00 593.80
38.25 493.00
38.50 428.40
38.75 437.00
39.00 442.90
39.25 377.30
39.50 273.20
39.75 221.30
40.00 232.20
40.25 224.10
40.50 142.80
40.75 39.20
41.00 39.40
41.25 39.50
41.50 40.60
41.75 39.70
42.00 40.30
42.25 40.60
42.50 40.90
42.75 39.00
43.00 40.30
43.25 39.70
43.50 40.10
43.75 40.00
