# t (s), h(m), v (m/s), estado (R=readyToLaunch, F=flying, D=Drogue, P=Parachute, L=landed(recovered))
# rRocket v.1.5.5

0.250 0.61 0.03 R
0.500 -0.50 0.04 R
0.750 -0.85 -0.03 R
1.000 0.32 -0.06 R
1.250 0.86 0.00 R
1.500 -0.46 0.02 R
1.750 0.09 -0.07 R
2.000 0.76 -0.03 R
2.250 0.85 0.21 R
2.500 0.42 0.34 R
2.750 -0.12 0.22 R
3.000 -0.67 0.14 R
3.250 -0.02 0.17 R
3.500 37.39 2.16 R
3.750 41.93 6.31 R
4.000 -17.10 7.52 R
4.250 -50.16 3.82 R
4.500 -8.22 0.69 R
4.750 0.68 0.32 R
5.000 0.22 -3.73 R
5.250 -0.39 -12.47 R
5.500 -0.66 -15.21 R
5.750 0.42 -7.74 R
6.000 -0.69 -1.31 R
6.250 0.12 -0.54 R
6.500 0.87 1.49 R
6.750 -0.80 5.92 R
7.000 -0.44 7.35 R
7.250 0.63 3.65 R
7.500 -0.33 0.45 R
7.750 -0.81 0.03 R
8.000 0.65 -0.04 R
8.250 0.02 -0.02 R
8.500 -0.47 0.04 R
8.750 0.62 0.01 R
9.000 0.27 0.01 R
9.250 0.96 0.18 R
9.500 -0.70 0.26 R
9.750 0.16 0.16 R
10.000 0.64 0.19 R
10.250 51.07 3.05 R
10.500 32.69 7.62 R
10.750 -19.03 8.18 R
11.000 -14.23 6.30 R
11.250 58.85 8.88 R
11.500 116.64 18.51 R
11.750 102.43 24.95 R
12.000 73.48 25.46 R
12.250 112.87 34.36 R
12.505 208.47 55.93 F
12.754 269.64 77.50 F
13.004 263.90 87.69 F
13.254 260.51 95.35 F
13.504 327.47 113.12 F
13.754 429.84 135.25 F
14.004 479.38 148.21 F
14.255 463.66 149.96 F
14.504 467.57 152.16 F
14.754 545.42 162.34 F
15.004 641.91 172.74 F
15.254 672.49 171.97 F
15.504 650.30 162.29 F
15.754 664.45 157.11 F
16.004 748.75 161.79 F
16.254 835.04 166.36 F
16.504 847.68 160.59 F
16.754 822.79 149.42 F
17.004 848.32 145.79 F
17.254 938.20 151.35 F
17.504 1010.04 154.30 F
17.754 1004.48 146.52 F
18.004 981.76 135.86 F
18.254 1020.56 134.51 F
18.504 1110.61 140.72 F
18.754 1165.92 141.73 F
19.004 1147.22 132.28 F
19.254 1126.52 122.75 F
19.504 1179.25 123.64 F
19.755 1267.25 129.88 F
20.004 1302.94 128.72 F
20.254 1272.23 118.08 F
20.504 1261.16 110.05 F
20.754 1324.72 112.99 F
21.004 1405.51 118.82 F
21.254 1421.78 115.29 F
21.505 1384.36 104.01 F
21.754 1383.86 98.15 F
22.004 1455.12 102.89 F
22.254 1525.24 107.46 F
22.504 1522.76 101.54 F
22.754 1482.71 90.28 F
23.004 1494.55 86.68 F
23.255 1570.85 92.46 F
23.504 1627.34 95.44 F
23.754 1608.08 87.70 F
24.004 1568.93 77.21 F
24.254 1594.03 76.06 F
24.504 1669.86 82.48 F
24.754 1708.96 83.38 F
25.005 1675.09 73.75 F
25.254 1690.20 66.79 F
25.504 1704.77 71.73 F
25.754 1717.89 77.41 F
26.004 1730.36 71.73 F
26.254 1740.92 59.46 F
26.504 1752.69 55.22 F
26.755 1763.05 56.36 F
27.004 1773.59 52.12 F
27.254 1782.88 45.13 F
27.504 1792.98 41.98 F
27.754 1800.66 43.64 F
28.004 1807.56 43.92 F
28.254 1815.63 41.53 F
28.505 1820.93 39.21 F
28.754 1827.66 36.89 F
29.004 1832.20 34.47 F
29.254 1836.48 31.84 F
29.504 1840.97 29.32 F
29.754 1845.48 26.86 F
30.004 1847.12 24.43 F
30.255 1848.97 21.95 F
30.504 1851.09 19.51 F
30.754 1852.08 17.26 F
31.004 1851.22 14.85 F
31.254 1851.68 12.25 F
31.504 1851.91 9.75 F
31.754 1848.67 7.36 F
32.004 1847.36 4.90 F
32.254 1843.56 2.30 D
32.504 1842.10 -0.11 D
32.754 1838.08 -2.29 D
33.004 1832.33 -4.74 D
33.254 1826.56 -7.31 D
33.504 1822.28 -9.71 D
33.754 1815.68 -11.97 D
34.004 1808.74 -14.39 D
34.254 1800.83 -17.05 D
34.504 1792.60 -19.48 D
34.754 1783.64 -21.76 D
35.004 1774.60 -24.17 D
35.254 1763.87 -26.75 D
35.504 1753.64 -29.29 D
35.755 1742.12 -31.69 D
36.004 1728.81 -34.22 D
36.254 1717.38 -36.85 D
36.504 1704.56 -39.39 D
36.754 1690.47 -41.83 D
37.004 1676.16 -44.28 D
37.254 1673.40 -46.08 D
37.505 1694.19 -45.01 D
37.754 1642.83 -43.85 D
38.004 1567.99 -48.01 D
38.254 1558.48 -54.96 D
38.504 1601.21 -58.07 D
38.754 1606.10 -57.85 D
39.004 1538.05 -64.53 D
39.255 1469.98 -76.74 D
39.504 1473.70 -79.85 D
39.754 1513.21 -72.69 D
40.004 1497.85 -69.45 D
40.254 1419.25 -77.67 D
40.504 1359.99 -85.53 D
40.754 1374.08 -82.47 D
41.005 1406.04 -76.71 D
41.254 1372.22 -80.55 D
41.504 1286.16 -91.89 D
41.754 1237.09 -97.64 D
42.004 1259.99 -93.05 D
42.254 1280.07 -88.60 D
42.504 1229.24 -94.56 D
42.755 1139.79 -105.71 D
43.004 1103.09 -109.20 D
43.254 1129.56 -103.46 D
43.504 1137.05 -100.59 D
43.754 1069.27 -108.35 D
44.004 980.98 -118.81 D
44.254 956.69 -120.04 D
44.505 983.50 -113.77 D
44.754 974.33 -112.90 D
45.004 892.69 -122.29 D
45.254 808.67 -131.81 D
45.504 796.41 -131.03 D
45.754 821.05 -124.86 D
46.004 793.08 -126.16 D
46.255 698.79 -136.78 D
46.504 624.74 -144.77 D
46.754 623.75 -141.88 D
47.004 641.87 -136.00 D
47.254 593.89 -139.42 D
47.504 493.01 -150.59 D
47.754 428.44 -156.40 D
48.004 437.04 -151.65 D
48.254 442.91 -146.97 D
48.504 377.40 -152.85 D
48.754 273.28 -164.15 D
49.004 221.37 -167.76 D
49.254 232.23 -162.06 D
49.504 224.20 -159.34 D
49.754 142.83 -167.36 D
50.004 39.30 -178.07 P
50.254 39.49 -177.34 P
50.504 39.59 -167.53 P
50.754 40.64 -162.28 P
51.003 39.79 -160.44 P
51.254 40.38 -147.88 P
51.503 40.63 -118.04 P
51.755 40.98 -86.12 P
52.004 39.07 -62.97 P
52.254 40.34 -42.28 P
52.503 39.79 -21.41 P
52.753 40.11 -5.48 P
53.004 40.09 0.09 P
53.250 40.65 -0.12 L
53.500 39.42 -0.17 L
53.750 40.32 -0.11 L
54.000 39.42 -0.11 L
54.250 40.62 -0.09 L
54.500 39.75 -0.03 L
54.750 40.52 -0.01 L
55.000 40.25 0.03 L