#Apogee (m) = 265.20

#Error code = 4 
#Time (s) Altitude (m)
0.00 27.70
0.25 -30.10
0.50 -33.90
0.75 28.20
1.00 72.50
1.25 42.40
1.50 -5.00
1.75 13.60
2.00 85.90
2.25 121.40
2.50 87.50
2.75 54.70
3.00 92.20
3.25 165.20
3.50 185.30
3.75 140.10
4.00 114.70
4.25 163.20
4.50 230.30
4.75 196.10
5.00 204.90
5.25 212.90
5.50 219.50
5.75 228.10
6.00 234.60
6.25 240.70
6.50 244.80
6.75 249.00
7.00 254.40
7.25 256.50
7.50 260.60
7.75 262.10
8.00 262.40
8.25 265.00
8.50 265.20
8.75 263.40
9.00 263.40
9.25 261.60
9.50 260.00
9.75 256.10
10.00 252.70
10.25 249.80
10.50 245.00
10.75 239.80
11.00 233.30
11.25 226.70
11.50 220.30
11.75 212.70
12.00 204.10
12.25 195.00
12.50 228.70
12.75 211.40
13.00 141.10
13.25 106.20
13.50 142.20
13.75 178.20
14.00 141.00
14.25 67.10
14.50 44.10
14.75 86.10
15.00 108.30
15.25 55.00
15.50 40.60
15.75 39.20
16.00 39.70
16.25 39.30
16.50 39.70
16.75 39.50
17.00 40.80
17.25 40.20
17.50 39.40
17.75 40.40
18.00 39.30
18.25 40.20
18.50 39.50
18.75 27.70
19.00 -30.10
19.25 -33.90
19.50 28.20
19.75 72.50
20.00 42.40
20.25 -5.00
20.50 13.60
20.75 85.90
21.00 121.40
21.25 87.50
21.50 54.70
21.75 92.20
22.00 165.20
22.25 185.30
22.50 140.10
22.75 114.70
23.00 163.20
23.25 230.30
23.50 196.10
23.75 204.90
24.00 212.90
24.25 219.50
24.50 228.10
24.75 234.60
25.00 240.70
25.25 244.80
25.50 249.00
25.75 254.40
26.00 256.50
26.25 260.60
26.50 262.10
26.75 262.40
27.00 265.00
27.25 265.20
27.50 263.40
27.75 263.40
28.00 261.60
28.25 260.00
28.50 256.10
28.75 252.70
29.00 249.80
29.25 245.00
29.50 239.80
29.75 233.30
30.00 226.70
30.25 220.30
30.50 212.70
30.75 204.10
31.00 195.00
31.25 228.70
31.50 211.40
31.75 141.10
32.00 106.20
32.25 142.20
32.50 178.20
32.75 141.00
33.00 67.10
33.25 44.10
33.50 86.10
33.75 108.30
34.00 55.00
34.25 40.60
34.50 39.20
34.75 39.70
35.00 39.30
35.25 39.70
35.50 39.50
35.75 40.80
36.00 40.20
36.25 39.40
36.50 40.40
36.75 39.30
37.00 40.20
37.25 39.50