# t (s), h(m), v (m/s), estado (R=readyToLaunch, F=flying, D=Drogue, P=Parachute, L=landed(recovered))
# rRocket v.1.5.5

16.250 228.16 12.68 L
16.500 233.47 38.32 L
16.750 238.94 64.57 L
17.000 245.32 91.47 L
17.250 250.45 119.01 L
17.500 253.12 146.99 L
17.750 257.03 149.98 L
18.000 260.46 127.44 L
18.250 262.69 104.01 L
18.500 263.79 79.45 L
18.750 264.17 53.70 L
19.000 263.93 27.09 L
19.250 264.28 12.42 L
19.500 262.46 9.83 L
19.750 262.82 7.13 L
20.000 259.71 4.57 L
20.250 256.60 2.13 L
20.500 254.03 -0.20 L
20.750 250.27 -2.53 L
21.000 245.22 -4.78 L
21.250 239.40 -7.16 L
21.500 233.31 -9.71 L
21.750 227.96 -12.12 L
22.000 219.81 -14.64 L
22.250 212.96 -17.28 L
22.500 205.44 -19.83 L
22.750 194.89 -22.26 L
23.000 229.06 -22.20 L
23.250 212.08 -20.26 L
23.500 140.04 -22.08 L
23.750 104.94 -28.54 L
24.000 142.75 -33.74 L
24.254 177.86 -33.49 D
24.504 140.91 -36.62 D
24.754 67.86 -48.41 D
25.005 45.17 -56.38 D
25.254 87.09 -52.21 D
25.504 106.87 -45.71 D
25.754 54.44 -50.13 P
26.004 40.64 -56.72 P
26.253 40.93 -50.87 P
26.504 40.34 -39.35 P
26.755 39.79 -35.99 P
27.004 39.67 -39.36 P
27.254 39.97 -35.05 P
27.504 40.49 -23.44 P
27.754 39.46 -16.46 P
28.004 39.18 -14.84 P
28.254 39.39 -12.04 P
28.505 39.71 -5.69 P
28.754 39.00 -1.21 P
29.004 39.31 -0.51 P
29.250 40.42 -0.44 L
29.500 40.89 -0.14 L
29.750 40.34 0.09 L
30.000 39.98 0.18 L
30.251 39.25 0.26 L
30.500 39.39 0.40 L
30.750 40.06 0.39 L
31.000 40.81 0.22 L
31.250 40.44 0.08 L
31.500 40.33 0.03 L
31.750 40.10 0.07 L
32.000 39.05 0.08 L
32.250 40.60 0.11 L
32.500 40.71 0.16 L
32.750 40.95 0.18 L
33.000 39.82 0.15 L
33.250 39.46 0.02 L
33.500 40.87 0.06 L
33.750 39.60 0.09 L
34.000 40.96 0.03 L
34.250 40.27 -0.02 L
34.500 39.03 -0.10 L
34.750 40.73 -0.01 L
35.000 40.63 -0.02 L
35.250 39.13 -0.10 L
35.500 40.07 -0.14 L
35.750 39.85 -0.19 L
36.000 40.34 -0.05 L
36.250 39.23 -0.09 L
36.500 39.19 -0.31 L
36.750 40.26 -0.29 L

