0.126 0.0 37 0 0
0.204 -0.3 39 0 1
0.283 -0.2 38 0 1
0.361 -0.5 38 0 1
0.440 -0.4 38 0 1
0.519 -0.3 38 2 0
0.596 -0.4 38 0 0
0.675 -0.3 38 0 1
0.753 -0.5 38 1 1
0.832 -0.2 37 0 0
0.911 -0.3 37 0 0
0.989 -0.4 38 1 1
1.068 -0.5 38 0 0
1.145 -0.4 37 0 0
1.224 -0.3 38 0 0
1.303 -0.6 38 1 3
1.381 -0.2 38 0 0
1.460 0.1 37 0 2
1.538 -0.1 37 0 0
1.616 -0.3 37 0 0
1.695 -0.7 37 0 0
1.773 -0.2 37 1 0
1.852 -0.2 37 0 0
1.930 -0.5 38 0 0
2.009 -0.5 37 1 1
2.087 -0.3 37 0 1
2.165 -0.7 36 0 0
2.244 -0.7 37 0 0
2.322 -0.4 36 0 0
2.401 -0.5 36 0 0
2.480 -0.3 36 0 0
2.557 -0.4 36 0 0
2.636 -0.4 34 2 2
2.714 -0.3 36 0 0
2.793 -0.3 36 0 0
2.872 -0.3 36 0 1
2.950 -0.2 36 0 0
3.028 0.0 35 1 0
3.106 -0.3 36 0 1
3.185 -0.4 39 1 0
3.264 -0.2 35 0 0
3.342 -0.3 36 0 0
3.421 -0.3 35 0 2
3.499 0.1 36 0 0
3.577 -0.2 36 0 0
3.656 -0.2 35 0 1
3.734 -0.1 35 0 0
3.813 -0.1 35 0 0
3.891 -0.1 35 0 0
3.970 -0.4 35 0 0
4.048 -0.2 35 0 0
4.126 -0.3 35 0 0
4.205 -0.4 35 0 0
4.283 -0.4 35 0 0
4.362 -0.3 36 0 3
4.441 -0.1 35 0 2
4.518 0.1 34 2 1
4.597 -0.4 34 0 0
4.675 -0.0 34 0 0
4.754 -0.4 35 1 4
4.833 -0.1 34 0 0
4.911 -0.1 34 0 1
4.989 -0.1 35 0 1
5.067 0.1 34 0 0
5.146 0.0 35 0 0
5.225 -0.0 33 0 1
5.303 -0.1 34 0 1
5.382 -0.3 34 0 0
5.459 -0.1 34 0 1
5.538 0.0 33 0 0
5.617 -0.2 34 0 0
5.695 -0.2 34 0 3
5.774 -0.3 34 0 0
5.852 -0.1 34 0 2
5.931 -0.2 33 0 0
6.008 -0.1 31 0 2
6.087 -0.0 33 1 0
6.166 -0.3 33 0 0
6.244 -0.3 34 0 2
6.323 0.1 33 2 1
6.401 -0.2 33 0 0
6.479 -0.3 33 0 0
6.558 -0.5 35 0 0
6.636 -0.4 37 0 2
6.715 -0.6 33 0 0
6.793 -0.4 33 0 1
6.872 -0.0 32 0 1
6.950 -0.2 32 0 0
7.028 -0.1 33 0 0
7.107 0.4 33 0 0
7.185 -0.1 33 0 0
7.264 -0.3 33 0 0
7.343 -0.2 32 1 0
7.420 -0.5 33 0 1
7.499 -0.4 32 0 0
7.577 -0.4 33 1 1
7.656 -0.2 32 0 1
7.735 -0.6 33 0 0
7.813 -0.2 32 0 0
7.891 0.2 32 1 1
7.969 -0.1 32 0 1
8.048 0.0 32 0 0
8.127 -0.3 32 0 0
8.205 0.1 32 2 1
8.284 -0.0 32 1 0
8.361 0.1 32 4 7
8.440 -0.2 32 0 3
8.519 -0.2 32 0 0
8.597 -0.4 32 0 0
8.676 -0.4 31 0 0
8.754 -0.4 32 0 0
8.833 -0.1 31 0 0
8.911 0.1 32 0 1
8.989 -0.1 32 1 0
9.068 -0.2 32 2 1
9.146 -0.1 31 0 0
9.225 0.1 32 0 0
9.304 0.2 32 1 0
9.381 -0.1 31 0 0
9.460 0.1 202 1 1
9.538 -0.3 342 0 0
9.617 -0.3 449 0 0
9.696 -0.1 531 0 0
9.774 0.0 595 0 0
9.852 0.1 647 0 7
9.931 0.2 687 2 0
10.009 -0.2 718 2 0
10.088 -0.1 744 3 0
10.167 -0.3 763 0 0
10.245 -0.0 778 0 0
10.323 -0.0 790 2 0
10.402 -0.2 801 0 1
10.480 -0.2 807 0 0
10.559 -0.0 815 0 0
10.638 -0.4 821 4 0
10.716 -0.1 824 2 0
10.795 0.2 826 0 0
10.873 -0.2 829 1 0
10.952 -0.0 832 2 0
11.030 -0.3 833 0 0
11.109 -0.2 833 3 0
11.188 -0.4 836 4 0
11.266 -0.0 836 0 0
11.344 -0.5 836 1 0
11.423 -0.3 838 1 0
11.501 -0.4 839 0 0
11.580 -0.3 837 2 0
11.659 -0.1 838 0 0
11.738 -0.1 841 1 0
11.815 -0.2 839 1 0
11.894 -0.1 839 2 0
11.973 -0.2 840 1 0
12.051 -0.3 841 1 3
12.130 -0.2 840 1 0
12.209 -0.1 839 0 0
12.286 -0.4 841 9 4
12.365 -0.0 839 4 0
12.444 -0.1 839 3 0
12.522 -0.3 840 0 2
12.601 -0.0 840 3 0
12.680 -0.4 839 2 0
12.759 0.0 839 2 1
12.836 -0.2 842 3 2
12.915 0.1 839 2 0
12.994 -0.2 840 3 0
13.072 -0.3 841 0 0
13.151 -0.2 841 0 1
13.230 -0.0 839 0 0
13.307 -0.1 840 0 0
13.386 -0.4 842 0 0
13.465 -0.3 839 0 0
13.544 -0.3 839 0 0
13.622 -0.1 841 0 0
13.701 -0.3 841 0 0
13.779 -0.4 840 0 1
13.857 -0.3 839 0 0
13.936 -0.2 841 2 1
14.015 -0.1 839 0 0
14.093 -0.2 842 3 0
14.172 -0.1 841 1 0
14.251 -0.3 840 0 0
14.329 -0.2 837 7 0
14.407 -0.3 838 2 0
14.486 -0.2 841 0 0
14.565 -0.3 838 2 0
14.643 -0.3 839 1 0
14.722 -0.2 840 1 1
14.800 -0.2 840 0 0
14.878 -0.1 839 0 1
14.957 -0.2 839 0 0
15.036 -0.2 841 0 0
15.115 -0.2 839 0 0
15.193 -0.2 842 0 0
15.271 0.1 840 1 0
15.350 -0.2 840 0 0
15.428 -0.1 839 2 2
15.507 -0.5 839 1 0
15.586 -0.1 838 0 1
15.664 -0.2 839 0 0
15.742 0.0 839 4 1
15.821 -0.1 840 2 1
15.899 -0.2 839 0 0
15.978 -0.5 840 1 0
16.057 -0.4 839 0 0
16.136 -0.9 841 0 1
16.214 -0.4 839 2 0
16.292 -0.6 839 0 3
16.371 -0.4 840 3 6
16.449 -0.2 840 3 0
16.528 -0.3 839 5 1
16.607 0.0 838 0 4
16.685 -0.4 841 3 2
16.763 -0.4 839 0 0
16.842 -0.8 839 4 0
16.921 -0.4 841 0 0
16.999 -0.3 839 0 1
17.078 0.1 839 2 2
17.157 -0.4 840 1 0
17.234 -0.4 840 1 0
17.313 -0.1 839 0 0
17.392 -0.4 838 2 0
17.470 -0.0 840 0 4
17.549 -0.4 840 0 0
17.628 -0.2 838 1 0
17.707 -0.5 839 0 0
17.784 -1.1 841 0 0
17.863 0.1 839 2 0
17.942 -0.1 839 1 0
18.020 -0.2 841 5 0
18.099 -0.8 839 0 0
18.178 -1.0 838 2 0
18.255 -0.3 839 4 0
18.334 -0.2 841 2 0
18.413 0.1 839 0 0
18.492 -0.3 840 1 1
18.570 -3.8 840 0 0
18.649 -0.9 838 0 0
18.727 -0.4 838 0 0
18.805 -0.6 839 5 1
18.884 -0.3 840 0 0
18.963 -0.3 838 2 0
19.041 -0.6 839 0 2
19.120 -0.4 841 7 3
19.198 -0.2 839 2 0
19.276 0.3 838 4 0
19.355 -0.7 839 3 0
19.434 -0.4 840 1 0
19.513 -0.7 838 0 0
19.591 -0.4 839 6 0
19.670 -0.9 839 1 3
19.748 -0.1 838 0 0
19.826 -0.2 837 2 1
19.905 -0.4 839 1 1
19.984 -0.2 839 4 0
20.062 -0.6 837 1 0
20.141 -1.9 838 4 1
20.219 -2.7 840 0 5
20.298 -4.9 838 0 0
20.376 -7.6 837 0 1
20.455 -7.0 839 2 0
20.534 -4.8 840 0 0
20.612 -2.1 838 7 0
20.690 -2.3 838 1 0
20.769 -3.9 840 5 2
20.848 -15.0 837 4 0
20.926 -16.4 838 0 0
21.005 -17.4 839 2 1
21.084 -18.3 839 0 0
21.163 -16.6 838 0 0
21.240 -14.6 837 0 0
21.319 -15.1 840 5 2
21.398 -15.6 838 3 0
21.477 -16.2 837 5 0
21.555 -16.8 839 5 2
21.634 -16.3 840 7 3
21.712 -16.2 837 3 1
21.791 -16.6 838 2 0
21.869 -16.5 840 10 1
21.948 -16.5 838 0 0
22.027 -16.3 837 5 0
22.106 -16.9 838 7 0
22.183 -16.2 839 5 0
22.262 -8.1 837 3 1
22.341 -4.0 838 0 6
22.420 9.7 839 0 0
22.498 12.9 837 0 0
22.577 15.4 839 1 0
22.656 16.7 839 6 2
22.733 18.5 839 0 0
22.812 21.5 837 2 0
22.891 25.5 837 7 0
22.970 26.2 839 6 2
23.048 25.1 837 2 0
23.127 20.1 837 8 4
23.205 19.6 838 3 2
23.284 19.2 839 4 2
23.362 18.6 837 1 0
23.441 17.9 837 0 0
23.520 17.1 839 1 4
23.599 16.2 837 0 0
23.676 15.8 837 1 0
23.755 15.3 838 5 0
23.834 14.7 839 0 0
23.913 14.1 837 2 1
23.991 13.4 837 1 1
24.070 13.2 839 4 0
24.148 12.7 838 3 1
24.227 12.3 838 0 0
24.305 11.8 837 4 0
24.384 11.4 839 0 0
24.463 11.2 837 1 0
24.542 11.0 837 5 0
24.620 10.9 839 3 0
24.698 10.0 837 2 0
24.777 10.0 837 2 0
24.856 9.8 838 0 0
24.934 9.3 839 4 0
25.013 9.2 838 1 0
25.092 8.4 837 0 0
25.169 8.6 839 2 0
25.248 9.0 839 0 0
25.327 8.7 837 4 0
25.405 8.5 838 2 0
25.484 8.3 839 2 0
25.563 8.0 837 0 0
25.640 7.7 837 4 2
25.719 7.3 839 0 1
25.798 7.1 838 0 0
25.877 7.1 837 2 0
25.955 7.0 838 4 0
26.034 7.6 839 0 0
26.113 6.8 837 2 0
26.190 6.9 838 0 2
26.269 6.9 839 1 0
26.348 6.3 837 3 0
26.426 6.2 837 0 3
26.505 5.8 838 4 1
26.584 5.9 839 4 0
26.662 5.7 837 3 0
26.740 6.0 838 2 0
26.819 5.5 839 2 1
26.898 4.5 838 2 0
26.976 3.9 837 0 0
27.055 3.8 838 2 0
27.133 4.3 839 0 0
27.211 4.2 837 0 0
27.290 3.4 838 0 0
27.369 3.4 839 0 2
27.448 3.1 838 1 0
27.526 3.0 837 3 0
27.604 3.3 837 2 0
27.683 3.1 839 0 1
27.761 3.0 837 2 0
27.840 2.9 837 1 0
27.919 2.5 839 0 0
27.997 2.7 837 2 0
28.076 2.4 837 2 0
28.154 2.1 836 2 0
28.233 2.3 836 2 0
28.311 2.4 837 2 0
28.390 1.9 838 0 0
28.469 2.1 838 0 0
28.547 2.3 837 0 0
28.625 2.6 837 0 0
28.704 2.5 837 0 1
28.782 2.5 838 2 0
28.861 2.3 837 4 0
28.940 1.9 836 2 0
29.019 1.3 838 5 1
29.096 1.3 837 0 0
29.175 2.4 837 0 0
29.254 2.7 838 1 0
29.332 2.5 837 0 0
29.411 1.9 837 0 0
29.490 1.7 836 2 0
29.568 1.1 839 4 0
29.646 0.9 836 1 0
29.725 34.9 836 0 0
29.804 55.8 837 4 0
29.882 75.3 838 4 0
29.961 99.8 836 2 0
30.040 125.7 837 1 1
30.118 191.7 838 0 0
30.196 231.7 837 1 1
30.275 268.0 837 0 0
30.354 303.2 838 1 1
30.433 333.1 839 0 0
30.512 399.6 836 0 0
30.589 430.9 836 3 0
30.668 459.4 836 1 0
30.747 481.1 835 0 1
30.826 498.2 833 1 0
30.904 529.5 833 2 0
30.983 540.9 835 0 0
31.062 549.2 833 0 0
31.140 552.4 833 1 0
31.219 552.1 834 1 0
31.297 568.0 832 1 0
31.376 568.6 832 1 0
31.455 564.1 833 4 0
31.534 555.8 834 1 1
31.612 546.4 830 0 0
31.690 520.7 832 1 0
31.769 507.8 833 1 0
31.848 494.4 833 0 0
31.927 481.8 832 1 0
32.006 469.9 832 0 0
32.083 447.5 833 3 1
32.162 438.1 832 0 0
32.241 430.7 832 0 0
32.320 423.2 833 1 0
32.398 416.5 832 0 0
32.477 402.9 832 1 0
32.556 396.2 832 1 1
32.634 389.3 832 1 1
32.713 383.2 832 0 0
32.791 376.4 832 1 0
32.870 364.8 832 1 0
32.949 359.1 832 0 0
33.028 354.1 832 1 0
33.106 349.1 831 0 0
33.184 344.3 832 3 0
33.263 335.4 829 766 1
33.342 331.9 828 763 2
33.421 327.7 827 762 1
33.500 323.7 827 763 2
33.579 319.9 824 760 0
33.657 312.6 824 760 3
33.736 308.8 825 1 0
33.814 305.5 827 0 0
33.893 301.3 827 1 0
33.972 294.6 828 0 0
34.051 290.7 830 0 0
34.128 287.4 829 1 0
34.207 284.1 829 2 0
34.286 280.7 831 1 1
34.365 274.6 831 0 0
34.444 271.1 830 0 0
34.522 268.0 830 1 0
34.600 264.7 832 0 0
34.679 261.3 831 1 0
34.758 255.3 829 764 1
34.837 252.1 828 763 3
34.916 249.3 827 763 2
34.994 246.4 825 761 0
35.073 243.8 824 760 1
35.151 238.0 825 760 2
35.230 235.2 824 1 0
35.309 232.2 825 0 0
35.388 229.5 827 2 0
35.466 226.9 831 1 1
35.545 222.0 828 1 0
35.623 219.1 828 1 0
35.702 216.4 830 1 0
35.781 214.1 830 0 0
35.859 211.6 829 1 2
35.938 206.8 830 1 1
36.017 204.5 831 0 0
36.096 201.9 830 1 0
36.173 199.7 830 0 0
36.252 197.0 829 3 760
36.331 192.7 828 0 759
36.410 190.7 825 0 756
36.489 188.5 824 0 756
36.568 186.5 825 2 756
36.646 184.4 824 0 755
36.725 179.6 824 0 0
36.803 177.9 826 1 0
36.882 175.8 828 1 0
36.961 173.8 827 0 0
37.040 171.7 828 1 0
37.117 167.5 830 1 0
37.196 165.7 829 1 0
37.275 164.2 829 1 1
37.354 162.2 830 0 0
37.433 160.1 831 0 0
37.511 156.4 829 1 0
37.590 154.7 829 0 0
37.668 152.1 832 1 1
37.747 150.5 829 0 760
37.826 146.9 827 1 758
37.904 145.3 825 3 757
37.983 143.8 826 1 758
38.062 142.0 823 0 755
38.140 139.9 824 1 755
38.219 136.7 824 0 0
38.298 135.4 826 2 0
38.377 133.3 826 0 0
38.455 131.8 828 1 1
38.534 130.3 830 0 0
38.612 127.0 828 0 0
38.691 125.9 829 2 0
38.769 124.4 829 2 0
38.848 122.2 830 1 0
38.927 121.0 832 0 0
39.006 118.4 832 0 1
39.085 116.7 831 1 1
39.162 115.2 830 1 0
39.241 114.1 829 1 760
39.320 112.3 828 2 759
39.399 109.8 827 3 758
39.478 108.4 824 0 756
39.557 107.2 824 0 756
39.635 105.8 825 2 756
39.713 104.3 824 0 0
39.792 101.3 825 0 0
39.871 99.9 825 2 0
39.950 99.1 828 1 2
40.029 97.8 827 2 0
40.107 96.5 827 3 0
40.185 94.0 828 2 1
40.264 92.6 830 2 0
40.342 91.5 828 2 0
40.421 90.1 829 2 0
40.500 89.4 831 3 1
40.579 87.1 829 0 0
40.656 85.8 829 2 0
40.735 84.7 830 2 0
40.814 83.4 830 3 0
40.893 82.5 830 1 0
40.971 80.2 830 1 0
41.050 79.1 831 3 0
41.128 78.3 829 1 0
41.207 77.2 829 1 0
41.285 76.0 830 3 1
41.364 74.2 831 3 0
41.443 73.4 829 2 0
41.522 72.3 830 2 0
41.600 71.2 834 2 0
41.678 70.5 829 2 0
41.757 69.1 830 2 0
41.835 68.2 831 1 0
41.914 67.4 831 0 0
41.993 66.4 830 2 0
42.072 64.4 830 2 0
42.149 63.5 831 3 3
42.228 62.8 830 2 0
42.307 62.0 829 4 0
42.386 61.3 830 2 0
42.464 59.3 830 0 0
42.543 58.4 829 3 0
42.621 58.0 829 3 0
42.700 57.0 831 3 2
42.778 56.4 829 2 0
42.857 54.9 829 2 0
42.936 54.4 832 3 0
43.015 53.4 831 3 0
43.092 52.7 829 1 0
43.171 51.6 829 3 0
43.250 51.0 831 3 0
43.328 50.2 829 0 0
43.407 49.5 829 2 0
43.486 48.9 830 3 1
43.565 48.4 830 2 0
43.642 46.7 829 0 0
43.721 46.2 829 2 0
43.800 45.7 831 5 0
43.879 44.9 832 2 0
43.957 44.5 830 0 0
44.036 43.3 830 3 0
44.114 42.8 830 2 1
44.193 42.3 829 1 0
44.271 41.5 829 2 0
44.350 41.2 831 2 0
44.429 39.3 830 2 0
44.508 39.0 828 2 0
44.585 38.6 829 3 2
44.664 38.2 833 4 0
44.743 37.4 832 3 0
44.822 36.5 829 4 1
44.900 36.1 830 4 1
44.979 35.7 829 0 0
45.058 35.2 829 2 0
45.136 34.7 830 2 0
45.214 33.1 831 3 0
45.293 32.7 829 2 0
45.372 32.0 829 3 0
45.450 32.4 831 2 0
45.529 31.8 829 2 0
45.607 31.0 829 1 0
45.686 30.2 830 3 2
45.764 29.9 831 0 0
45.843 29.4 828 2 0
45.922 29.2 829 3 0
46.001 28.3 830 2 0
46.078 27.9 829 1 0
46.157 27.8 829 3 0
46.236 27.0 829 3 2
46.315 26.6 831 2 0
46.393 25.6 828 2 0
46.472 25.5 832 3 0
46.551 25.1 831 2 0
46.629 24.4 829 2 0
46.707 24.2 828 2 0
46.786 23.6 829 3 0
46.865 23.4 830 1 0
46.944 23.3 829 3 0
47.022 22.6 829 2 0
47.100 22.0 830 2 0
47.179 21.5 829 1 0
47.258 21.2 828 2 0
47.336 20.8 829 2 0
47.415 20.6 830 3 0
47.494 19.8 828 2 0
47.572 19.6 828 2 0
47.650 19.2 830 2 0
47.729 19.1 830 1 0
47.808 18.6 828 1 0
47.887 18.2 828 4 0
47.965 18.0 830 2 0
48.044 17.6 829 2 0
48.122 17.3 830 1 0
48.200 17.3 831 1 0
48.279 16.8 829 1 0
48.358 16.5 828 6 0
48.437 16.4 829 2 0
48.515 16.3 830 2 0
48.593 15.8 828 2 0
48.672 15.5 828 2 0
48.751 15.3 832 2 0
48.829 15.1 830 0 0
48.908 14.7 828 2 0
48.987 14.3 829 3 0
49.065 14.1 830 2 0
49.143 13.7 828 1 0
49.222 13.6 831 3 0
49.301 13.8 830 2 2
49.380 13.3 830 2 0
49.458 12.8 828 3 0
49.537 12.7 829 2 0
49.615 12.6 830 0 2
49.694 12.3 828 2 0
49.772 12.0 828 3 1
49.851 11.7 829 2 1
49.930 11.5 830 1 0
50.009 11.5 828 2 0
50.086 11.2 828 1 0
50.165 11.1 829 3 0
50.244 11.0 828 3 0
50.323 10.7 828 2 1
50.401 10.5 830 3 0
50.480 10.1 829 1 0
50.558 10.2 828 3 0
50.636 10.1 829 2 0
50.715 9.8 829 4 0
50.794 9.7 829 1 0
50.873 9.6 829 2 0
50.951 9.3 828 2 0
51.030 9.0 829 0 0
51.108 8.7 828 0 0
51.186 8.8 828 2 0
51.265 8.7 831 2 0
51.344 8.7 828 0 0
51.422 8.2 828 0 0
51.501 8.0 829 1 1
51.579 8.0 829 0 0
51.657 7.9 828 3 0
51.736 7.8 828 2 0
51.815 7.7 830 6 0
51.894 7.7 829 0 0
51.972 7.4 828 1 0
52.050 7.1 828 1 0
52.129 7.1 830 0 0
52.207 7.0 828 2 0
52.286 7.0 829 0 0
52.365 6.5 830 2 0
52.443 6.5 829 1 0
52.521 6.3 828 2 0
52.600 6.2 829 1 0
52.678 6.2 829 0 0
52.757 6.3 828 1 0
52.836 6.1 829 2 0
52.915 6.1 830 2 0
52.993 6.0 828 2 0
53.071 5.7 827 0 0
53.150 5.6 830 2 0
53.228 5.7 829 0 0
53.307 5.6 828 2 0
53.386 5.3 829 2 1
53.464 5.3 830 3 0
53.542 5.1 825 1 0
53.621 5.0 829 1 0
53.699 4.8 828 0 0
53.778 4.7 829 1 0
53.857 4.4 825 2 0
53.936 4.5 829 3 1
54.013 4.3 830 0 0
54.092 4.2 827 1 0
54.171 4.2 828 1 1
54.249 3.9 829 1 0
54.328 3.9 829 1 0
54.407 3.8 828 2 0
54.484 3.6 828 2 0
54.563 3.4 830 0 0
54.642 3.4 828 2 0
54.721 3.6 829 0 0
54.799 3.4 830 4 0
54.878 3.3 828 0 0
54.957 3.3 828 2 0
55.034 2.8 829 0 0
55.113 2.9 829 0 0
55.192 3.0 828 2 0
55.270 2.8 826 2 0
55.349 3.1 830 2 0
55.428 2.9 828 1 0
55.505 2.9 828 0 0
55.584 2.7 829 2 0
55.663 2.5 829 0 0
55.742 2.7 827 2 0
55.820 2.6 828 0 0
55.899 2.7 829 2 0
55.977 2.6 828 0 0
56.055 2.5 828 1 0
56.134 2.5 828 1 0
56.213 2.5 829 2 0
56.291 2.6 827 1 0
56.370 2.4 827 1 0
56.449 2.4 831 0 0
56.527 2.1 831 0 0
56.605 2.0 831 1 0
56.684 2.1 832 2 0
56.763 2.0 833 2 0
56.841 2.3 830 0 0
56.920 2.3 832 2 0
56.998 1.8 834 0 0
57.076 2.0 834 0 0
57.155 1.9 832 0 0
57.234 2.1 834 2 0
57.313 1.7 833 1 0
57.391 1.6 829 0 0
57.469 1.6 833 2 0
57.548 1.7 834 2 0
57.626 1.4 833 0 0
57.705 1.6 832 0 0
57.784 1.2 834 2 0
57.862 1.3 835 0 0
57.940 1.5 833 0 0
58.019 1.5 833 0 0
58.098 1.5 834 2 0
58.176 1.1 833 0 0
58.255 1.4 833 2 0
58.334 1.3 833 2 0
58.412 1.2 833 2 0
58.490 1.3 833 1 0
58.569 1.3 833 2 1
58.647 1.0 834 2 1
58.726 1.2 833 1 0
58.805 1.0 833 2 0
58.883 1.2 834 0 0
58.961 1.1 834 1 0
59.040 1.1 833 0 0
59.119 1.2 830 0 0
59.197 1.1 835 0 0
59.276 1.0 834 0 0
59.355 1.1 831 1 0
59.432 1.1 834 2 0
59.511 0.8 833 0 0
59.590 0.5 830 0 0
59.668 0.6 833 1 0
59.747 -2.9 834 5 5
59.826 -7.1 833 0 0
59.905 -12.9 832 2 1
59.982 -18.4 834 4 0
60.061 -17.8 833 2 0
60.140 -18.9 833 4 0
60.219 -19.7 834 0 0
60.297 -21.5 834 1 0
60.376 -17.1 832 2 0
60.454 -5.0 833 0 0
60.532 1.1 834 1 0
60.611 0.4 834 0 0
60.690 0.5 833 1 0
60.769 -0.6 835 1 0
60.847 0.9 835 4 0
60.925 0.9 833 2 0
61.004 0.1 833 1 0
61.082 -1.8 834 2 0
61.161 7.2 834 1 0
61.240 -0.2 833 0 0
61.318 1.7 834 2 0
61.396 -0.3 836 2 0
61.475 -0.3 833 1 0
61.553 -0.2 833 2 0
61.632 -0.2 835 2 0
61.711 -0.1 834 1 0
61.790 -0.0 832 2 1
61.868 -0.1 834 0 0
61.946 -0.4 835 0 0
62.025 -0.1 834 1 0
62.103 0.1 834 2 0
62.182 -0.2 835 2 0
62.261 -0.2 833 0 0
62.339 0.1 833 0 0
62.417 0.1 834 3 2
62.496 -0.0 834 2 0
62.575 -0.0 833 0 0
62.653 0.1 833 2 0
62.732 0.1 834 2 0
62.811 0.0 832 0 0
62.888 0.2 833 0 0
62.967 -0.0 833 3 0
63.046 -0.1 835 4 0
63.124 -0.2 833 0 0
63.203 0.2 833 2 0
63.282 -0.4 835 0 1
63.360 0.1 833 0 0
63.438 -0.1 833 0 0
63.517 0.2 834 1 0
63.596 0.0 834 0 0
63.674 0.2 833 3 0
63.753 0.0 833 0 0
63.832 0.0 835 2 0
63.909 0.1 833 0 0
63.988 0.2 833 0 0
64.067 0.1 835 0 0
64.145 -0.2 834 0 0
64.224 0.1 833 1 0
64.303 0.1 833 0 0
64.380 0.1 835 2 0
64.459 0.3 833 0 0
64.538 0.0 833 1 0
64.616 -0.2 835 1 1
64.695 0.0 834 1 0
64.774 0.2 833 6 2
64.852 -0.0 833 0 0
64.930 0.0 835 1 1
65.009 -0.1 833 0 0
65.088 -0.2 833 0 0
65.166 -0.1 835 2 1
65.245 -0.1 834 0 0
65.324 0.0 833 4 2
65.401 0.2 833 0 0
65.480 0.0 834 1 0
65.559 0.1 832 0 0
65.637 0.4 833 1 2
65.716 0.0 835 0 1
65.795 0.1 837 2 0
65.872 0.0 833 0 0
65.951 -0.1 834 1 1
66.030 -0.2 835 2 0
66.109 -0.1 834 0 0
66.187 -0.1 754 0 0
66.266 0.1 684 0 3
66.344 0.1 626 0 0
66.422 0.3 575 1 0
66.501 0.3 534 2 1
66.580 0.3 499 4 0
66.658 -0.1 465 0 0
66.737 -0.1 436 2 0
66.816 0.1 411 4 0
66.894 0.0 386 2 0
66.972 0.1 366 1 0
67.051 0.2 346 1 0
67.130 0.0 327 0 0
67.208 -0.2 311 0 0
67.287 -0.1 297 0 0
67.365 0.2 284 0 0
67.443 0.2 274 0 0
67.522 0.1 264 0 1
67.601 0.2 255 0 0
67.679 0.1 250 0 0
67.758 -0.1 240 0 0
67.836 -0.4 232 1 0
67.915 0.1 226 0 0
67.993 0.0 219 0 0
68.072 0.1 213 0 0
68.151 0.0 207 0 0
68.229 0.0 201 0 0
68.307 0.3 196 1 0
68.386 0.3 192 0 0
68.464 0.5 188 0 0
68.543 0.0 182 0 0
68.622 0.1 178 2 0
68.700 0.0 174 1 0
68.779 0.0 171 1 0
68.857 -0.1 168 1 0
68.936 0.3 164 0 0
69.014 -0.0 160 0 0
69.093 -0.1 157 0 0
69.172 0.1 154 0 0
69.250 0.1 152 0 0
69.328 0.2 149 0 0
69.407 0.2 146 0 0
69.485 0.3 144 1 0
69.564 0.2 141 0 0
69.643 0.2 138 0 0
69.721 -0.0 135 0 0
69.799 0.0 133 0 0
69.878 -0.2 132 0 0
69.957 0.1 130 1 0
70.035 0.3 128 3 0
70.114 0.3 125 0 0
70.193 0.4 123 0 0
70.270 0.1 122 1 1
70.349 0.4 120 0 0
70.428 0.1 118 0 0
70.506 0.1 117 0 0
70.585 -0.1 115 0 0
70.664 0.1 114 0 0
70.743 0.1 112 0 0
70.820 0.3 111 0 0
70.899 0.0 109 0 0
70.978 0.1 108 0 0
71.056 0.1 107 0 0
71.135 0.1 106 0 0
71.214 0.1 105 0 0
71.291 -0.1 104 0 0
71.370 -0.1 101 0 0
71.449 -0.3 102 0 0
71.527 0.1 100 0 0
71.606 0.3 100 0 0
71.685 0.2 98 0 1
71.762 -0.2 97 0 0
71.841 0.4 96 0 0
71.920 0.5 95 0 0
71.998 0.3 95 0 1
72.077 0.4 93 0 0
72.156 0.3 93 0 0
72.233 0.3 94 0 0
72.312 0.3 91 0 0
72.391 0.2 90 0 0
72.469 0.3 90 0 0
72.548 0.2 89 0 1
72.627 0.1 88 0 0
72.705 0.4 88 0 0
72.783 0.4 88 1 1
72.861 0.1 87 0 0
72.940 0.3 84 0 0
73.019 -0.1 86 1 1
73.097 -0.0 85 0 0
73.176 0.4 85 0 0
73.254 0.4 84 0 0
73.332 0.3 84 0 1
73.411 0.4 83 0 0
73.490 0.5 83 0 0
73.568 0.3 83 0 1
73.647 0.3 82 0 0
73.725 0.4 84 0 0
73.803 0.3 81 0 0
73.882 0.5 81 1 1
73.961 0.4 80 0 0
74.039 0.3 80 1 0
74.118 0.4 80 0 1
