# t (s), h(m), v (m/s), estado (R=readyToLaunch, F=flying, D=Drogue, P=Parachute, L=landed(recovered))
# rRocket v.1.5.5
0.250 0.61 0.03 R
0.500 -0.50 0.04 R
0.750 -0.85 -0.03 R
1.000 0.32 -0.06 R
1.250 0.86 0.00 R
1.500 -0.46 0.02 R
1.750 0.09 -0.07 R
2.000 0.76 -0.03 R
2.250 0.85 0.21 R
2.500 0.42 0.34 R
2.750 -0.12 0.22 R
3.000 -0.67 0.14 R
3.250 -0.02 0.17 R
3.500 37.39 2.16 R
3.750 41.93 6.31 R
4.000 -17.10 7.52 R
4.250 -50.16 3.82 R
4.500 -8.22 0.69 R
4.750 0.68 0.32 R
5.000 0.22 -3.73 R
5.250 -0.39 -12.47 R
5.500 -0.66 -15.21 R
5.750 0.42 -7.74 R
6.000 -0.69 -1.31 R
6.250 0.12 -0.54 R
6.500 0.87 1.49 R
6.750 -0.80 5.92 R
7.000 -0.44 7.35 R
7.250 0.63 3.65 R
7.500 -0.33 0.45 R
7.750 -0.81 0.03 R
8.000 0.65 -0.04 R
8.250 0.02 -0.02 R
8.500 -0.47 0.04 R
8.750 0.62 0.01 R
9.000 0.27 0.01 R
9.250 0.96 0.18 R
9.500 -0.70 0.26 R
9.750 0.16 0.16 R
10.000 0.64 0.19 R
10.250 49.84 2.98 R
10.500 27.79 7.22 R
10.750 -30.06 6.89 R
11.000 -33.83 3.30 R
11.250 28.22 3.09 R
11.500 72.54 8.58 R
11.750 42.41 9.36 R
12.000 -4.92 2.87 R
12.250 13.65 3.67 R
12.500 85.97 16.32 R
12.750 121.41 28.43 R
13.000 87.50 28.89 R
13.250 54.71 26.82 R
13.500 92.27 35.13 R
13.754 165.24 48.34 F
14.004 185.38 53.20 F
14.255 140.14 47.94 F
14.504 114.77 44.48 F
14.754 163.22 50.51 F
15.004 230.31 58.12 F
15.254 196.14 53.69 F
15.504 204.91 42.55 F
15.754 212.94 41.11 F
16.004 219.55 48.42 F
16.254 228.15 50.31 F
16.504 234.68 40.46 F
16.754 240.75 33.80 F
17.004 244.82 35.69 F
17.254 249.05 34.78 F
17.504 254.44 28.86 F
17.754 256.54 22.95 F
18.004 260.66 22.12 F
18.254 262.11 22.03 F
18.504 262.40 19.50 F
18.754 265.02 17.14 F
19.004 265.23 14.68 F
19.254 263.42 12.15 F
19.504 263.45 9.66 F
19.755 261.69 7.16 F
20.004 260.04 4.85 F
20.254 256.17 2.36 D
20.504 252.76 -0.31 D
20.754 249.85 -2.74 D
21.004 245.00 -5.06 D
21.254 239.83 -7.43 D
21.505 233.36 -9.97 D
21.754 226.75 -12.46 D
22.004 220.31 -14.71 D
22.254 212.75 -17.13 D
22.504 204.17 -19.68 D
22.754 195.07 -22.20 D
23.004 228.75 -22.25 D
23.255 211.46 -20.24 D
23.504 141.14 -22.05 D
23.754 106.25 -28.50 D
24.004 142.23 -33.52 D
24.254 178.27 -33.14 D
24.504 141.05 -36.21 D
24.754 67.11 -47.99 P
25.005 44.19 -56.15 P
25.254 86.14 -52.34 P
25.504 108.37 -45.98 P
25.754 55.02 -50.33 P
26.004 40.66 -56.95 P
26.254 39.27 -51.18 P
26.504 39.72 -39.57 P
26.755 39.35 -35.92 P
27.004 39.79 -39.33 P
27.254 39.59 -35.27 P
27.503 40.81 -23.69 P
27.754 40.22 -16.51 P
28.003 39.46 -14.67 P
28.254 40.49 -11.78 P
28.505 39.35 -5.33 P
28.754 40.27 -0.65 P
29.004 39.60 0.17 P
29.250 39.28 -0.01 L
29.500 39.80 -0.08 L
29.750 40.94 -0.09 L
30.000 39.82 -0.07 L
30.251 39.52 -0.10 L
30.500 40.11 -0.09 L
30.750 40.19 0.11 L
31.000 39.02 0.15 L
31.250 39.79 0.00 L
31.500 40.94 -0.05 L
31.750 39.23 0.01 L
32.000 40.06 0.00 L
32.250 39.01 -0.14 L
32.500 40.92 -0.11 L
32.750 40.88 0.16 L