#Urano/Paraná-XVb		LT 7 Set 2018	StratoLoggerCF (SL-UP-1)
#t(s)           h(pé)           T               tensão
0.00	-936	32.0C	11.9
0.05	-977	32.0C	11.9
0.10	-1002	32.0C	11.9
0.15	-988	32.0C	11.9
0.20	-979	32.0C	11.9
0.25	-983	32.0C	11.9
0.30	-964	32.0C	11.9
0.35	-859	32.0C	11.9
0.40	-788	32.0C	11.9
0.45	-730	32.0C	11.9
0.50	-699	32.0C	11.9
0.55	-689	32.0C	11.9
0.60	-639	32.0C	11.9
0.65	-553	32.0C	11.9
0.70	-458	32.0C	11.9
0.75	-403	32.0C	11.9
0.80	-395	32.0C	11.9
0.85	-335	32.0C	11.9
0.90	-306	32.0C	11.9
0.95	-242	32.0C	11.9
1.00	-168	32.0C	11.9
1.05	-114	32.0C	11.9
1.10	-58	32.0C	11.9
1.15	-37	32.0C	11.9
1.20	-4	32.0C	11.9
1.25	57	32.0C	11.9
1.30	98	32.0C	11.9
1.35	156	32.0C	11.9
1.40	185	32.0C	11.9
1.45	222	32.0C	11.9
1.50	300	32.0C	11.9
1.55	311	32.0C	11.9
1.60	382	32.0C	11.9
1.65	417	32.0C	11.9
1.70	467	32.0C	11.9
1.75	502	32.0C	11.9
1.80	571	32.0C	11.9
1.85	596	32.0C	11.9
1.90	638	32.0C	11.9
1.95	663	32.0C	11.9
2.00	708	32.0C	11.9
2.05	727	32.0C	11.9
2.10	798	32.0C	11.9
2.15	821	32.0C	11.9
2.20	867	32.0C	11.9
2.25	901	32.0C	11.9
2.30	957	32.0C	11.9
2.35	975	32.0C	11.9
2.40	1006	32.0C	11.9
2.45	1060	32.0C	11.9
2.50	1075	32.0C	11.9
2.55	1108	32.0C	11.9
2.60	1146	32.0C	11.9
2.65	1192	32.0C	11.9
2.70	1208	32.0C	11.9
2.75	1240	32.0C	11.9
2.80	1284	32.0C	11.9
2.85	1319	32.0C	11.9
2.90	1342	32.0C	11.9
2.95	1378	32.0C	11.9
3.00	1427	32.0C	11.9
3.05	1448	32.0C	11.9
3.10	1473	32.0C	11.9
3.15	1503	32.0C	11.9
3.20	1551	32.0C	11.9
3.25	1567	32.0C	11.9
3.30	1598	32.0C	11.9
3.35	1632	32.0C	11.9
3.40	1666	32.0C	11.9
3.45	1684	32.0C	11.9
3.50	1710	32.0C	11.9
3.55	1736	32.0C	11.9
3.60	1775	32.0C	11.9
3.65	1798	32.0C	11.9
3.70	1820	32.0C	11.9
3.75	1849	32.0C	11.9
3.80	1873	32.0C	11.9
3.85	1902	32.0C	11.9
3.90	1922	32.0C	11.9
3.95	1943	32.0C	11.9
4.00	1982	32.0C	11.9
4.05	2027	32.0C	11.9
4.10	2034	32.0C	11.9
4.15	2059	32.0C	11.9
4.20	2081	32.0C	11.9
4.25	2100	32.0C	11.9
4.30	2137	32.0C	11.9
4.35	2150	32.0C	11.9
4.40	2167	32.0C	11.9
4.45	2202	32.0C	11.9
4.50	2230	32.0C	11.9
4.55	2252	32.0C	11.9
4.60	2273	32.0C	11.9
4.65	2292	32.0C	11.9
4.70	2316	32.0C	11.9
4.75	2350	32.0C	11.9
4.80	2370	32.0C	11.9
4.85	2380	32.0C	11.9
4.90	2399	32.0C	11.9
4.95	2417	32.0C	11.9
5.00	2448	32.0C	11.9
5.05	2468	32.0C	11.9
5.10	2483	32.0C	11.9
5.15	2500	32.0C	11.9
5.20	2518	32.0C	11.9
5.25	2535	32.0C	11.9
5.30	2569	32.0C	11.9
5.35	2587	32.0C	11.9
5.40	2602	32.0C	11.9
5.45	2617	32.0C	11.9
5.50	2640	32.0C	11.9
5.55	2661	32.0C	11.9
5.60	2685	32.0C	11.9
5.65	2702	32.0C	11.9
5.70	2714	32.0C	11.9
5.75	2727	32.0C	11.9
5.80	2743	32.0C	11.9
5.85	2767	32.0C	11.9
5.90	2791	32.0C	11.9
5.95	2803	32.0C	11.9
6.00	2813	32.0C	11.9
6.05	2832	32.0C	11.9
6.10	2848	32.0C	11.9
6.15	2865	32.0C	11.9
6.20	2892	32.0C	11.9
6.25	2909	32.0C	11.9
6.30	2916	32.0C	11.9
6.35	2927	32.0C	11.9
6.40	2941	32.0C	11.9
6.45	2955	32.0C	11.9
6.50	2976	32.0C	11.9
6.55	2999	32.0C	11.9
6.60	3010	32.0C	11.9
6.65	3017	32.0C	11.9
6.70	3029	32.0C	11.9
6.75	3041	32.0C	11.9
6.80	3059	32.0C	11.9
6.85	3076	32.0C	11.9
6.90	3095	32.0C	11.9
6.95	3110	32.0C	11.9
7.00	3119	32.0C	11.9
7.05	3129	32.0C	11.9
7.10	3142	32.0C	11.9
7.15	3156	32.0C	11.9
7.20	3175	32.0C	11.9
7.25	3194	32.0C	11.9
7.30	3208	32.0C	11.9
7.35	3213	32.0C	11.9
7.40	3221	32.0C	11.9
7.45	3232	32.0C	11.9
7.50	3243	32.0C	11.9
7.55	3257	32.0C	11.9
7.60	3274	32.0C	11.9
7.65	3294	32.0C	11.9
7.70	3305	32.0C	11.9
7.75	3310	32.0C	11.9
7.80	3318	32.0C	11.9
7.85	3331	32.0C	11.9
7.90	3342	32.0C	11.9
7.95	3353	32.0C	11.9
8.00	3368	32.0C	11.9
8.05	3384	32.0C	11.9
8.10	3398	32.0C	11.9
8.15	3405	32.0C	11.9
8.20	3412	32.0C	11.9
8.25	3418	32.0C	11.9
8.30	3427	32.0C	11.9
8.35	3439	32.0C	11.9
8.40	3450	32.0C	11.9
8.45	3465	32.0C	11.9
8.50	3479	32.0C	11.9
8.55	3491	32.0C	11.9
8.60	3497	32.0C	11.9
8.65	3500	32.0C	11.9
8.70	3508	32.0C	11.9
8.75	3518	32.0C	11.9
8.80	3528	32.0C	11.9
8.85	3536	32.0C	11.9
8.90	3548	32.0C	11.9
8.95	3561	32.0C	11.9
9.00	3577	32.0C	11.9
9.05	3584	32.0C	11.9
9.10	3589	32.0C	11.9
9.15	3594	32.0C	11.9
9.20	3599	32.0C	11.9
9.25	3607	32.0C	11.9
9.30	3616	32.0C	11.9
9.35	3623	32.0C	11.9
9.40	3634	32.0C	11.9
9.45	3644	32.0C	11.9
9.50	3657	32.0C	11.9
9.55	3667	32.0C	11.9
9.60	3674	32.0C	11.9
9.65	3678	32.0C	11.9
9.70	3683	32.0C	11.9
9.75	3687	32.0C	11.9
9.80	3693	32.0C	11.9
9.85	3700	32.0C	11.9
9.90	3706	32.0C	11.9
9.95	3715	32.0C	11.9
10.00	3724	32.0C	11.9
10.05	3735	32.0C	11.9
10.10	3745	32.0C	11.9
10.15	3753	32.0C	11.9
10.20	3758	32.0C	11.9
10.25	3762	32.0C	11.9
10.30	3764	32.0C	11.9
10.35	3768	32.0C	11.9
10.40	3772	32.0C	11.9
10.45	3780	32.0C	11.9
10.50	3785	32.0C	11.9
10.55	3792	32.0C	11.9
10.60	3798	32.0C	11.9
10.65	3805	32.0C	11.9
10.70	3814	32.0C	11.9
10.75	3821	32.0C	11.9
10.80	3828	32.0C	11.9
10.85	3835	31.9C	11.9
10.90	3836	32.0C	11.9
10.95	3840	32.0C	11.9
11.00	3842	32.0C	11.9
11.05	3843	32.0C	11.9
11.10	3849	32.0C	11.9
11.15	3852	32.0C	11.9
11.20	3858	32.0C	11.9
11.25	3860	32.0C	11.9
11.30	3865	32.0C	11.9
11.35	3872	32.0C	11.9
11.40	3876	32.0C	11.9
11.45	3881	32.0C	11.9
11.50	3887	32.0C	11.9
11.55	3895	32.0C	11.9
11.60	3899	32.0C	11.9
11.65	3904	32.0C	11.9
11.70	3905	32.0C	11.9
11.75	3908	32.0C	11.9
11.80	3909	32.0C	11.9
11.85	3912	32.0C	11.9
11.90	3914	32.0C	11.9
11.95	3917	32.0C	11.9
12.00	3918	32.0C	11.9
12.05	3922	32.0C	11.9
12.10	3926	32.0C	11.9
12.15	3928	32.0C	11.9
12.20	3932	32.0C	11.9
12.25	3935	32.0C	11.9
12.30	3937	32.0C	11.9
12.35	3939	32.0C	11.9
12.40	3941	32.0C	11.9
12.45	3945	32.0C	11.9
12.50	3947	32.0C	11.9
12.55	3951	32.0C	11.9
12.60	3954	32.0C	11.9
12.65	3957	32.0C	11.9
12.70	3959	32.0C	11.9
12.75	3960	32.0C	11.9
12.80	3962	31.9C	11.9
12.85	3963	32.0C	11.9
12.90	3965	32.0C	11.9
12.95	3964	32.0C	11.9
13.00	3965	32.0C	11.9
13.05	3966	32.0C	11.9
13.10	3966	32.0C	11.9
13.15	3967	32.0C	11.9
13.20	3968	32.0C	11.9
13.25	3968	32.0C	11.9
13.30	3970	31.9C	11.9
13.35	3972	31.9C	11.9
13.40	3973	31.9C	11.9
13.45	3974	31.9C	11.9
13.50	3974	32.0C	11.9
13.55	3975	31.9C	11.9
13.60	3975	31.9C	11.9
13.65	3977	31.9C	11.9
13.70	3977	31.9C	11.9
13.75	3310	31.9C	11.8
13.80	3976	32.0C	11.9
13.85	3972	32.0C	11.9
13.90	3977	32.0C	11.9
13.95	3980	32.0C	11.9
14.00	3983	32.0C	11.9
14.05	3977	32.0C	11.9
14.10	3984	32.0C	11.9
14.15	3986	32.0C	11.9
14.20	3987	32.0C	11.9
14.25	3978	32.0C	11.9
14.30	3977	32.0C	11.9
14.35	3980	32.0C	11.9
14.40	3983	32.0C	11.9
14.45	3987	32.0C	11.9
14.50	3994	32.0C	11.9
14.55	4004	32.0C	11.9
14.60	4010	32.0C	11.9
14.65	4011	32.0C	11.9
14.70	3998	32.0C	11.9
14.75	3987	32.0C	11.9
14.80	3981	32.0C	11.9
14.85	3977	32.0C	11.9
14.90	3977	32.0C	11.9
14.95	3973	32.0C	11.9
15.00	3970	32.0C	11.9
15.05	3967	32.0C	11.9
15.10	3965	32.0C	11.9
15.15	3964	32.0C	11.9
15.20	3963	32.0C	11.9
15.25	3961	32.0C	11.9
15.30	3962	32.0C	11.9
15.35	3961	32.0C	11.9
15.40	3957	32.0C	11.9
15.45	3955	32.0C	11.9
15.50	3960	32.0C	11.9
15.55	3956	32.0C	11.9
15.60	3948	32.0C	11.9
15.65	3945	32.0C	11.9
15.70	3945	32.0C	11.9
15.75	3946	32.0C	11.9
15.80	3945	32.0C	11.9
15.85	3946	32.0C	11.9
15.90	3946	32.0C	11.9
15.95	3942	32.0C	11.9
16.00	3939	32.0C	11.9
16.05	3939	32.0C	11.9
16.10	3943	32.0C	11.9
16.15	3949	32.0C	11.9
16.20	3953	31.9C	11.9
16.25	3956	31.9C	11.9
16.30	3955	31.9C	11.9
16.35	3952	31.9C	11.9
16.40	3947	32.0C	11.9
16.45	3945	32.0C	11.9
16.50	3942	32.0C	11.9
16.55	3941	32.0C	11.9
16.60	3939	32.0C	11.9
16.65	3938	32.0C	11.9
16.70	3937	32.0C	11.9
16.75	3935	32.0C	11.9
16.80	3932	32.0C	11.9
16.85	3929	32.0C	11.9
16.90	3924	32.0C	11.9
16.95	3923	32.0C	11.9
17.00	3918	32.0C	11.9
17.05	3913	32.0C	11.9
17.10	3912	32.0C	11.9
17.15	3911	32.0C	11.9
17.20	3909	32.0C	11.9
17.25	3907	32.0C	11.9
17.30	3904	32.0C	11.9
17.35	3900	32.0C	11.9
17.40	3899	32.0C	11.9
17.45	3896	32.0C	11.9
17.50	3895	32.0C	11.9
17.55	3893	32.0C	11.9
17.60	3894	32.0C	11.9
17.65	3893	32.0C	11.9
17.70	3890	32.0C	11.9
17.75	3889	32.0C	11.9
17.80	3886	32.0C	11.9
17.85	3884	32.0C	11.9
17.90	3881	32.0C	11.9
17.95	3880	32.0C	11.9
18.00	3879	32.0C	11.9
18.05	3879	32.0C	11.9
18.10	3882	31.9C	11.9
18.15	3885	31.9C	11.9
18.20	3880	31.9C	11.9
18.25	3880	31.9C	11.9
18.30	3875	31.9C	11.9
18.35	3868	31.9C	11.9
18.40	3862	32.0C	11.9
18.45	3859	32.0C	11.9
18.50	3857	32.0C	11.9
18.55	3854	32.0C	11.9
18.60	3854	32.0C	11.9
18.65	3853	31.9C	11.9
18.70	3852	32.0C	11.9
18.75	3852	32.0C	11.9
18.80	3854	31.9C	11.9
18.85	3860	31.9C	11.9
18.90	3863	31.9C	11.9
18.95	3860	31.9C	11.9
19.00	3857	31.9C	11.9
19.05	3851	31.9C	11.9
19.10	3845	31.9C	11.9
19.15	3843	31.9C	11.9
19.20	3838	31.9C	11.9
19.25	3837	31.9C	11.9
19.30	3835	31.9C	11.9
19.35	3833	31.9C	11.9
19.40	3832	31.9C	11.9
19.45	3828	31.9C	11.9
19.50	3826	31.9C	11.9
19.55	3825	31.9C	11.9
19.60	3825	31.9C	11.9
19.65	3823	31.9C	11.9
19.70	3823	31.9C	11.9
19.75	3824	31.9C	11.9
19.80	3824	31.9C	11.9
19.85	3827	31.9C	11.9
19.90	3829	31.9C	11.9
19.95	3832	31.9C	11.9
20.00	3834	31.9C	11.9
20.05	3835	31.9C	11.9
20.10	3834	31.9C	11.9
20.15	3834	31.9C	11.9
20.20	3830	31.9C	11.9
20.25	3827	31.9C	11.9
20.30	3827	31.9C	11.9
20.35	3822	31.9C	11.9
20.40	3820	31.9C	11.9
20.45	3816	31.9C	11.9
20.50	3812	31.9C	11.9
20.55	3806	31.9C	11.9
20.60	3799	31.9C	11.9
20.65	3794	31.9C	11.9
20.70	3791	31.9C	11.9
20.75	3787	31.9C	11.9
20.80	3783	31.9C	11.9
20.85	3783	31.9C	11.9
20.90	3784	31.9C	11.9
20.95	3778	31.9C	11.9
21.00	3774	31.9C	11.9
21.05	3773	31.9C	11.9
21.10	3770	31.9C	11.9
21.15	3769	31.9C	11.9
21.20	3765	31.9C	11.9
21.25	3766	31.9C	11.9
21.30	3765	31.9C	11.9
21.35	3762	31.9C	11.9
21.40	3761	31.9C	11.9
21.45	3759	31.9C	11.9
21.50	3756	31.9C	11.9
21.55	3756	31.9C	11.9
21.60	3756	31.9C	11.9
21.65	3756	31.9C	11.9
21.70	3755	31.9C	11.9
21.75	3753	31.9C	11.9
21.80	3752	31.9C	11.9
21.85	3749	31.9C	11.9
21.90	3748	31.9C	11.9
21.95	3748	31.9C	11.9
22.00	3746	31.9C	11.9
22.05	3744	31.9C	11.9
22.10	3741	31.9C	11.9
22.15	3740	31.9C	11.9
22.20	3737	31.9C	11.9
22.25	3737	31.9C	11.9
22.30	3735	31.9C	12.0
22.35	3733	31.9C	11.9
22.40	3729	31.9C	11.9
22.45	3729	31.9C	11.9
22.50	3726	31.9C	11.9
22.55	3725	31.9C	11.9
22.60	3724	31.9C	11.9
22.65	3721	31.9C	11.9
22.70	3720	31.9C	11.9
22.75	3717	31.9C	11.9
22.80	3717	31.9C	11.9
22.85	3716	31.9C	11.9
22.90	3715	31.9C	11.9
22.95	3714	31.9C	11.9
23.00	3712	31.9C	11.9
23.05	3710	31.9C	11.9
23.10	3709	31.9C	11.9
23.15	3707	31.9C	11.9
23.20	3705	31.9C	11.9
23.25	3707	31.9C	11.9
23.30	3704	31.9C	11.9
23.35	3704	31.9C	11.9
23.40	3704	31.9C	11.9
23.45	3704	31.9C	11.9
23.50	3706	31.9C	11.9
23.55	3703	31.9C	11.9
23.60	3703	31.9C	11.9
23.65	3701	31.9C	11.9
23.70	3697	31.9C	11.9
23.75	3696	31.9C	11.9
23.80	3694	31.9C	11.9
23.85	3689	31.9C	11.9
23.90	3688	31.9C	11.9
23.95	3688	31.9C	11.9
24.00	3685	31.9C	11.9
24.05	3680	31.9C	11.9
24.10	3676	31.9C	11.9
24.15	3670	31.9C	11.9
24.20	3664	31.9C	11.9
24.25	3660	31.9C	11.9
24.30	3661	31.9C	11.9
24.35	3659	31.9C	11.9
24.40	3657	31.9C	11.9
24.45	3657	31.9C	11.9
24.50	3656	31.9C	11.9
24.55	3658	31.9C	11.9
24.60	3659	31.9C	11.9
24.65	3660	31.9C	11.9
24.70	3663	31.9C	11.9
24.75	3664	31.9C	11.9
24.80	3668	31.9C	11.9
24.85	3667	31.9C	11.9
24.90	3666	31.9C	11.9
24.95	3667	31.9C	11.9
25.00	3666	31.9C	11.9
25.05	3666	31.8C	11.9
25.10	3665	31.8C	11.9
25.15	3663	31.8C	11.9
25.20	3661	31.8C	11.9
25.25	3660	31.8C	11.9
25.30	3652	31.9C	12.0
25.35	3648	31.9C	11.9
25.40	3644	31.9C	11.9
25.45	3642	31.8C	11.9
25.50	3641	31.9C	11.9
25.55	3644	31.8C	11.9
25.60	3644	31.8C	11.9
25.65	3644	31.8C	11.9
25.70	3645	31.8C	11.9
25.75	3644	31.8C	11.9
25.80	3643	31.8C	11.9
25.85	3642	31.8C	11.9
25.90	3639	31.8C	11.9
25.95	3637	31.8C	11.9
26.00	3632	31.8C	11.9
26.05	3627	31.8C	11.9
26.10	3621	31.8C	11.9
26.15	3616	31.9C	11.9
26.20	3613	31.9C	11.9
26.25	3607	31.9C	12.0
26.30	3603	31.9C	11.9
26.35	3599	31.9C	12.0
26.40	3597	31.9C	11.9
26.45	3593	31.9C	11.9
26.50	3590	31.9C	11.9
26.55	3589	31.9C	11.9
26.60	3588	31.9C	11.9
26.65	3585	31.9C	11.9
26.70	3583	31.9C	11.9
26.75	3582	31.9C	11.9
26.80	3580	31.9C	11.9
26.85	3575	31.9C	11.9
26.90	3574	31.9C	11.9
26.95	3572	31.8C	11.9
27.00	3573	31.9C	11.9
27.05	3573	31.9C	11.9
27.10	3573	31.8C	11.9
27.15	3573	31.8C	11.9
27.20	3571	31.8C	11.9
27.25	3572	31.8C	11.9
27.30	3570	31.8C	11.9
27.35	3568	31.8C	11.9
27.40	3566	31.8C	11.9
27.45	3555	31.8C	11.9
27.50	3571	31.8C	11.9
27.55	3577	31.8C	11.9
27.60	3579	31.8C	11.9
27.65	3581	31.8C	11.9
27.70	3580	31.8C	11.9
27.75	3578	31.8C	11.9
27.80	3577	31.8C	11.9
27.85	3575	31.8C	11.9
27.90	3574	31.8C	11.9
27.95	3573	31.8C	11.9
28.00	3573	31.8C	11.9
28.05	3570	31.8C	11.9
28.10	3568	31.8C	11.9
28.15	3563	31.8C	11.9
28.20	3560	31.8C	11.9
28.25	3555	31.8C	11.9
28.30	3553	31.8C	11.9
28.35	3548	31.8C	11.9
28.40	3547	31.8C	11.9
28.45	3542	31.8C	11.9
28.50	3540	31.8C	11.9
28.55	3537	31.8C	11.9
28.60	3534	31.8C	11.9
28.65	3532	31.8C	11.9
28.70	3529	31.8C	11.9
28.75	3525	31.8C	11.9
28.80	3523	31.8C	11.9
28.85	3521	31.8C	11.9
28.90	3517	31.8C	11.9
28.95	3516	31.8C	11.9
29.00	3511	31.8C	11.9
29.05	3506	31.8C	11.9
29.10	3504	31.8C	11.9
29.15	3501	31.8C	11.9
29.20	3497	31.8C	11.9
29.25	3496	31.8C	11.9
29.30	3494	31.8C	11.9
29.35	3492	31.8C	12.0
29.40	3493	31.8C	11.9
29.45	3493	31.8C	11.9
29.50	3491	31.8C	11.9
29.55	3489	31.8C	11.9
29.60	3487	31.8C	11.9
29.65	3484	31.8C	11.9
29.70	3482	31.8C	12.0
29.75	3477	31.8C	11.9
29.80	3476	31.8C	11.9
29.85	3475	31.8C	11.9
29.90	3475	31.8C	11.9
29.95	3473	31.8C	11.9
30.00	3471	31.8C	11.9
30.05	3469	31.8C	11.9
30.10	3469	31.8C	11.9
30.15	3466	31.8C	11.9
30.20	3464	31.8C	11.9
30.25	3463	31.8C	11.9
30.30	3461	31.8C	11.9
30.35	3462	31.8C	11.9
30.40	3461	31.8C	12.0
30.45	3458	31.8C	11.9
30.50	3458	31.8C	11.9
30.55	3454	31.8C	11.9
30.60	3455	31.8C	11.9
30.65	3454	31.8C	11.9
30.70	3455	31.8C	11.9
30.75	3451	31.8C	12.0
30.80	3449	31.8C	11.9
30.85	3446	31.8C	11.9
30.90	3444	31.8C	11.9
30.95	3447	31.8C	11.9
31.00	3444	31.8C	11.9
31.05	3445	31.8C	11.9
31.10	3443	31.8C	11.9
31.15	3442	31.8C	11.9
31.20	3443	31.8C	12.0
31.25	3442	31.8C	12.0
31.30	3440	31.8C	11.9
31.35	3440	31.8C	11.9
31.40	3437	31.8C	11.9
31.45	3434	31.8C	11.9
31.50	3427	31.8C	11.9
31.55	3426	31.8C	11.9
31.60	3422	31.8C	11.9
31.65	3418	31.8C	11.9
31.70	3415	31.8C	11.9
31.75	3412	31.8C	12.0
31.80	3410	31.8C	11.9
31.85	3410	31.8C	11.9
31.90	3409	31.8C	11.9
31.95	3406	31.8C	11.9
32.00	3404	31.8C	11.9
32.05	3405	31.8C	11.9
32.10	3404	31.8C	11.9
32.15	3402	31.8C	11.9
32.20	3400	31.8C	12.0
32.25	3397	31.8C	11.9
32.30	3398	31.8C	11.9
32.35	3395	31.8C	12.0
32.40	3392	31.8C	11.9
32.45	3391	31.8C	12.0
32.50	3393	31.8C	11.9
32.55	3389	31.8C	12.0
32.60	3385	31.8C	11.9
32.65	3383	31.8C	11.9
32.70	3381	31.8C	11.9
32.75	3381	31.8C	11.9
32.80	3382	31.8C	11.9
32.85	3376	31.8C	12.0
32.90	3376	31.8C	12.0
32.95	3376	31.8C	12.0
33.00	3372	31.8C	11.9
33.05	3372	31.8C	11.9
33.10	3370	31.7C	12.0
33.15	3369	31.8C	11.9
33.20	3365	31.8C	11.9
33.25	3362	31.8C	11.9
33.30	3360	31.7C	12.0
33.35	3356	31.7C	11.9
33.40	3357	31.7C	12.0
33.45	3354	31.7C	11.9
33.50	3354	31.7C	11.9
33.55	3352	31.7C	11.9
33.60	3353	31.7C	11.9
33.65	3354	31.7C	11.9
33.70	3354	31.7C	12.0
33.75	3354	31.7C	11.9
33.80	3354	31.7C	12.0
33.85	3354	31.7C	11.9
33.90	3355	31.7C	11.9
33.95	3353	31.7C	11.9
34.00	3352	31.7C	11.9
34.05	3350	31.7C	11.9
34.10	3346	31.7C	11.9
34.15	3341	31.7C	11.9
34.20	3336	31.7C	11.9
34.25	3333	31.7C	11.9
34.30	3328	31.7C	11.9
34.35	3325	31.7C	11.9
34.40	3322	31.7C	11.9
34.45	3318	31.7C	11.9
34.50	3317	31.7C	11.9
34.55	3318	31.7C	11.9
34.60	3317	31.7C	12.0
34.65	3316	31.7C	11.9
34.70	3315	31.7C	12.0
34.75	3313	31.7C	11.9
34.80	3314	31.7C	12.0
34.85	3314	31.7C	11.9
34.90	3312	31.7C	12.0
34.95	3311	31.7C	12.0
35.00	3309	31.7C	12.0
35.05	3307	31.7C	12.0
35.10	3305	31.7C	11.9
35.15	3303	31.7C	12.0
35.20	3297	31.7C	11.9
35.25	3294	31.7C	11.9
35.30	3292	31.7C	11.9
35.35	3291	31.7C	11.9
35.40	3289	31.7C	11.9
35.45	3289	31.7C	11.9
35.50	3287	31.7C	11.9
35.55	3285	31.7C	12.0
35.60	3285	31.7C	12.0
35.65	3283	31.7C	12.0
35.70	3283	31.7C	11.9
35.75	3275	31.7C	11.9
35.80	3271	31.7C	12.0
35.85	3279	31.7C	11.9
35.90	3282	31.7C	11.9
35.95	3288	31.7C	11.9
36.00	3289	31.7C	12.0
36.05	3291	31.7C	11.9
36.10	3294	31.6C	11.9
36.15	3291	31.7C	11.9
36.20	3288	31.7C	11.9
36.25	3285	31.7C	11.9
36.30	3281	31.7C	12.0
36.35	3277	31.7C	12.0
36.40	3271	31.7C	11.9
36.45	3266	31.7C	12.0
36.50	3261	31.7C	12.0
36.55	3257	31.7C	12.0
36.60	3252	31.7C	12.0
36.65	3248	31.7C	11.9
36.70	3247	31.7C	12.0
36.75	3242	31.7C	11.9
36.80	3239	31.7C	11.9
36.85	3236	31.7C	12.0
36.90	3234	31.7C	11.9
36.95	3237	31.7C	11.9
37.00	3233	31.7C	11.9
37.05	3232	31.7C	11.9
37.10	3232	31.7C	11.9
37.15	3230	31.7C	11.9
37.20	3229	31.7C	11.9
37.25	3227	31.7C	11.9
37.30	3225	31.7C	11.9
37.35	3223	31.7C	11.9
37.40	3221	31.7C	11.9
37.45	3218	31.7C	12.0
37.50	3217	31.7C	11.9
37.55	3218	31.7C	12.0
37.60	3218	31.7C	11.9
37.65	3218	31.7C	11.9
37.70	3220	31.6C	12.0
37.75	3222	31.6C	11.9
37.80	3227	31.6C	12.0
37.85	3228	31.6C	11.9
37.90	3229	31.6C	11.9
37.95	3229	31.6C	11.9
38.00	3229	31.6C	11.9
38.05	3227	31.6C	12.0
38.10	3226	31.6C	11.9
38.15	3224	31.6C	12.0
38.20	3220	31.6C	11.9
38.25	3197	31.6C	12.0
38.30	3206	31.6C	12.0
38.35	3218	31.6C	11.9
38.40	3215	31.6C	11.9
38.45	3213	31.6C	11.9
38.50	3212	31.6C	12.0
38.55	3209	31.6C	11.9
38.60	3205	31.6C	11.9
38.65	3202	31.6C	11.9
38.70	3201	31.6C	11.9
38.75	3197	31.6C	12.0
38.80	3195	31.6C	11.9
38.85	3193	31.6C	11.9
38.90	3187	31.6C	11.9
38.95	3182	31.6C	12.0
39.00	3181	31.6C	12.0
39.05	3177	31.6C	11.9
39.10	3172	31.6C	11.9
39.15	3169	31.6C	11.9
39.20	3165	31.6C	12.0
39.25	3162	31.6C	11.9
39.30	3159	31.6C	11.9
39.35	3156	31.6C	12.0
39.40	3151	31.6C	12.0
39.45	3150	31.6C	12.0
39.50	3151	31.6C	12.0
39.55	3149	31.6C	12.0
39.60	3148	31.6C	12.0
39.65	3150	31.6C	12.0
39.70	3150	31.6C	12.0
39.75	3151	31.6C	11.9
39.80	3151	31.6C	12.0
39.85	3151	31.6C	11.9
39.90	3154	31.6C	11.9
39.95	3152	31.6C	12.0
40.00	3152	31.6C	12.0
40.05	3151	31.6C	11.9
40.10	3151	31.6C	12.0
40.15	3152	31.6C	11.9
40.20	3151	31.6C	11.9
40.25	3148	31.6C	12.0
40.30	3147	31.6C	12.0
40.35	3142	31.6C	11.9
40.40	3127	31.6C	11.9
40.45	3120	31.6C	12.0
40.50	3127	31.6C	11.9
40.55	3122	31.6C	11.9
40.60	3118	31.6C	11.9
40.65	3114	31.6C	12.0
40.70	3113	31.6C	11.9
40.75	3113	31.6C	12.0
40.80	3110	31.6C	11.9
40.85	3108	31.6C	12.0
40.90	3106	31.6C	12.0
40.95	3104	31.6C	11.9
41.00	3101	31.6C	11.9
41.05	3101	31.6C	12.0
41.10	3100	31.6C	11.9
41.15	3098	31.6C	12.0
41.20	3096	31.6C	12.0
41.25	3093	31.6C	12.0
41.30	3090	31.6C	12.0
41.35	3088	31.6C	12.0
41.40	3087	31.6C	12.0
41.45	3084	31.6C	11.9
41.50	3083	31.6C	12.0
41.55	3081	31.6C	12.0
41.60	3078	31.6C	11.9
41.65	3077	31.6C	12.0
41.70	3074	31.6C	12.0
41.75	3072	31.6C	11.9
41.80	3070	31.6C	11.9
41.85	3068	31.6C	11.9
41.90	3067	31.6C	12.0
41.95	3065	31.6C	11.9
42.00	3064	31.6C	11.9
42.05	3061	31.6C	11.9
42.10	3058	31.6C	11.9
42.15	3059	31.6C	12.0
42.20	3059	31.6C	12.0
42.25	3058	31.6C	12.0
42.30	3055	31.6C	12.0
42.35	3054	31.6C	11.9
42.40	3053	31.6C	12.0
42.45	3052	31.6C	11.9
42.50	3049	31.6C	12.0
42.55	3048	31.6C	12.0
42.60	3046	31.6C	12.0
42.65	3043	31.6C	12.0
42.70	3041	31.6C	12.0
42.75	3038	31.6C	12.0
42.80	3037	31.6C	12.0
42.85	3035	31.6C	12.0
42.90	3037	31.6C	12.0
42.95	3040	31.6C	12.0
43.00	3046	31.6C	12.0
43.05	3052	31.6C	12.0
43.10	3055	31.6C	11.9
43.15	3055	31.5C	12.0
43.20	3055	31.5C	12.0
43.25	3050	31.5C	12.0
43.30	3044	31.5C	12.0
43.35	3039	31.5C	12.0
43.40	3033	31.6C	11.9
43.45	3025	31.6C	11.9
43.50	3018	31.6C	11.9
43.55	3015	31.6C	12.0
43.60	3012	31.6C	12.0
43.65	3011	31.6C	12.0
43.70	3010	31.6C	11.9
43.75	3007	31.6C	12.0
43.80	3006	31.6C	12.0
43.85	3007	31.6C	12.0
43.90	3006	31.6C	12.0
43.95	3006	31.6C	12.0
44.00	3010	31.5C	11.9
44.05	3011	31.5C	11.9
44.10	3012	31.5C	12.0
44.15	3013	31.5C	12.0
44.20	3010	31.5C	11.9
44.25	3006	31.5C	12.0
44.30	3004	31.5C	11.9
44.35	3000	31.5C	12.0
44.40	2992	31.5C	12.0
44.45	2988	31.5C	12.0
44.50	2984	31.5C	11.9
44.55	2981	31.5C	12.0
44.60	2977	31.5C	12.0
44.65	2972	31.6C	12.0
44.70	2971	31.6C	12.0
44.75	2969	31.6C	11.9
44.80	2969	31.6C	11.9
44.85	2970	31.5C	11.9
44.90	2970	31.5C	11.9
44.95	2969	31.5C	12.0
45.00	2967	31.5C	12.0
45.05	2966	31.5C	12.0
45.10	2966	31.5C	11.9
45.15	2965	31.5C	11.9
45.20	2962	31.5C	11.9
45.25	2961	31.5C	11.9
45.30	2960	31.5C	11.9
45.35	2960	31.5C	11.9
45.40	2960	31.5C	11.9
45.45	2961	31.5C	11.9
45.50	2962	31.5C	12.0
45.55	2965	31.5C	11.9
45.60	2964	31.5C	11.9
45.65	2965	31.5C	12.0
45.70	2961	31.5C	12.0
45.75	2961	31.5C	12.0
45.80	2958	31.5C	11.9
45.85	2960	31.5C	11.9
45.90	2957	31.5C	12.0
45.95	2955	31.5C	12.0
46.00	2955	31.5C	11.9
46.05	2953	31.5C	12.0
46.10	2953	31.5C	12.0
46.15	2952	31.5C	12.0
46.20	2951	31.5C	12.0
46.25	2949	31.5C	12.0
46.30	2945	31.5C	11.9
46.35	2944	31.5C	11.9
46.40	2940	31.5C	11.9
46.45	2936	31.5C	12.0
46.50	2935	31.5C	12.0
46.55	2932	31.5C	12.0
46.60	2930	31.5C	12.0
46.65	2928	31.5C	12.0
46.70	2924	31.5C	12.0
46.75	2920	31.5C	12.0
46.80	2918	31.5C	12.0
46.85	2914	31.5C	12.0
46.90	2909	31.5C	11.9
46.95	2905	31.5C	12.0
47.00	2899	31.5C	12.0
47.05	2897	31.5C	11.9
47.10	2894	31.5C	12.0
47.15	2891	31.5C	11.9
47.20	2887	31.5C	12.0
47.25	2885	31.5C	12.0
47.30	2885	31.5C	11.9
47.35	2881	31.5C	12.0
47.40	2881	31.5C	12.0
47.45	2883	31.5C	11.9
47.50	2883	31.5C	12.0
47.55	2883	31.5C	11.9
47.60	2883	31.5C	12.0
47.65	2885	31.5C	12.0
47.70	2886	31.5C	12.0
47.75	2884	31.5C	11.9
47.80	2888	31.4C	11.9
47.85	2885	31.5C	12.0
47.90	2887	31.4C	12.0
47.95	2887	31.4C	11.9
48.00	2886	31.4C	11.9
48.05	2883	31.4C	11.9
48.10	2870	31.5C	12.0
48.15	2855	31.5C	12.0
48.20	2855	31.5C	11.9
48.25	2861	31.5C	12.0
48.30	2864	31.5C	11.9
48.35	2874	31.4C	11.9
48.40	2876	31.4C	12.0
48.45	2872	31.4C	11.9
48.50	2871	31.4C	12.0
48.55	2868	31.4C	12.0
48.60	2863	31.4C	12.0
48.65	2858	31.4C	11.9
48.70	2854	31.4C	12.0
48.75	2848	31.5C	12.0
48.80	2845	31.4C	12.0
48.85	2843	31.4C	12.0
48.90	2841	31.4C	12.0
48.95	2837	31.4C	12.0
49.00	2835	31.4C	12.0
49.05	2834	31.4C	11.9
49.10	2830	31.4C	12.0
49.15	2829	31.4C	11.9
49.20	2824	31.4C	11.9
49.25	2822	31.4C	12.0
49.30	2819	31.4C	11.9
49.35	2819	31.4C	11.9
49.40	2816	31.4C	12.0
49.45	2814	31.4C	11.9
49.50	2813	31.4C	12.0
49.55	2811	31.4C	12.0
49.60	2811	31.4C	11.9
49.65	2809	31.4C	12.0
49.70	2809	31.4C	12.0
49.75	2803	31.4C	12.0
49.80	2801	31.4C	11.9
49.85	2800	31.4C	12.0
49.90	2799	31.4C	12.0
49.95	2798	31.4C	12.0
50.00	2795	31.4C	11.9
50.05	2792	31.4C	12.0
50.10	2790	31.4C	11.9
50.15	2789	31.4C	12.0
50.20	2788	31.4C	12.0
50.25	2786	31.4C	12.0
50.30	2787	31.4C	11.9
50.35	2785	31.4C	12.0
50.40	2786	31.4C	12.0
50.45	2786	31.4C	12.0
50.50	2782	31.4C	12.0
50.55	2777	31.4C	12.0
50.60	2776	31.4C	12.0
50.65	2776	31.4C	11.9
50.70	2774	31.4C	12.0
50.75	2768	31.4C	11.9
50.80	2768	31.4C	12.0
50.85	2765	31.4C	12.0
50.90	2765	31.4C	12.0
50.95	2762	31.4C	12.0
51.00	2764	31.4C	12.0
51.05	2764	31.4C	11.9
51.10	2768	31.4C	12.0
51.15	2774	31.4C	12.0
51.20	2776	31.4C	11.9
51.25	2780	31.4C	12.0
51.30	2781	31.4C	12.0
51.35	2780	31.4C	12.0
51.40	2777	31.4C	12.0
51.45	2772	31.4C	11.9
51.50	2763	31.4C	11.9
51.55	2756	31.4C	12.0
51.60	2750	31.4C	11.9
51.65	2746	31.4C	12.0
51.70	2742	31.4C	12.0
51.75	2740	31.4C	12.0
51.80	2739	31.4C	12.0
51.85	2736	31.4C	12.0
51.90	2733	31.4C	12.0
51.95	2732	31.4C	12.0
52.00	2731	31.4C	12.0
52.05	2733	31.4C	12.0
52.10	2734	31.4C	12.0
52.15	2733	31.4C	12.0
52.20	2734	31.4C	12.0
52.25	2736	31.4C	12.0
52.30	2734	31.4C	12.0
52.35	2732	31.4C	11.9
52.40	2729	31.4C	11.9
52.45	2726	31.4C	12.0
52.50	2722	31.4C	12.0
52.55	2718	31.4C	11.9
52.60	2715	31.4C	11.9
52.65	2710	31.4C	12.0
52.70	2706	31.4C	11.9
52.75	2704	31.4C	12.0
52.80	2702	31.4C	11.9
52.85	2703	31.4C	11.9
52.90	2700	31.4C	12.0
52.95	2699	31.4C	12.0
53.00	2699	31.4C	12.0
53.05	2701	31.4C	12.0
53.10	2699	31.4C	11.9
53.15	2701	31.3C	11.9
53.20	2701	31.3C	12.0
53.25	2701	31.3C	12.0
53.30	2702	31.3C	12.0
53.35	2703	31.3C	11.9
53.40	2703	31.3C	11.9
53.45	2705	31.3C	11.9
53.50	2704	31.3C	11.9
53.55	2703	31.3C	11.9
53.60	2702	31.3C	12.0
53.65	2702	31.3C	12.0
53.70	2696	31.3C	11.9
53.75	2693	31.3C	12.0
53.80	2690	31.3C	11.9
53.85	2683	31.3C	12.0
53.90	2679	31.3C	12.0
53.95	2673	31.3C	11.9
54.00	2666	31.3C	12.0
54.05	2661	31.4C	11.9
54.10	2657	31.3C	12.0
54.15	2658	31.3C	11.9
54.20	2656	31.3C	11.9
54.25	2655	31.3C	12.0
54.30	2654	31.3C	12.0
54.35	2651	31.3C	12.0
54.40	2651	31.3C	12.0
54.45	2648	31.3C	12.0
54.50	2647	31.3C	12.0
54.55	2646	31.3C	12.0
54.60	2645	31.3C	11.9
54.65	2644	31.3C	12.0
54.70	2642	31.3C	11.9
54.75	2639	31.3C	11.9
54.80	2638	31.3C	11.9
54.85	2635	31.3C	12.0
54.90	2634	31.3C	12.0
54.95	2632	31.3C	12.0
55.00	2633	31.3C	12.0
55.05	2632	31.3C	11.9
55.10	2631	31.3C	12.0
55.15	2629	31.3C	12.0
55.20	2629	31.3C	11.9
55.25	2627	31.3C	11.9
55.30	2624	31.3C	12.0
55.35	2622	31.3C	11.9
55.40	2618	31.3C	12.0
55.45	2616	31.3C	12.0
55.50	2611	31.3C	12.0
55.55	2607	31.3C	12.0
55.60	2605	31.3C	12.0
55.65	2601	31.3C	12.0
55.70	2600	31.3C	11.9
55.75	2598	31.3C	11.9
55.80	2597	31.3C	12.0
55.85	2596	31.3C	12.0
55.90	2594	31.3C	11.9
55.95	2593	31.3C	11.9
56.00	2591	31.3C	12.0
56.05	2590	31.3C	12.0
56.10	2590	31.3C	12.0
56.15	2589	31.3C	12.0
56.20	2585	31.3C	12.0
56.25	2584	31.3C	12.0
56.30	2584	31.3C	12.0
56.35	2583	31.3C	12.0
56.40	2583	31.3C	12.0
56.45	2582	31.3C	12.0
56.50	2579	31.3C	12.0
56.55	2578	31.3C	12.0
56.60	2575	31.3C	12.0
56.65	2575	31.3C	12.0
56.70	2571	31.3C	11.9
56.75	2569	31.3C	12.0
56.80	2567	31.3C	12.0
56.85	2563	31.3C	12.0
56.90	2562	31.3C	11.9
56.95	2560	31.3C	12.0
57.00	2561	31.3C	12.0
57.05	2562	31.3C	12.0
57.10	2562	31.3C	12.0
57.15	2568	31.3C	12.0
57.20	2575	31.3C	12.0
57.25	2575	31.2C	12.0
57.30	2571	31.2C	12.0
57.35	2564	31.3C	12.0
57.40	2553	31.3C	12.0
57.45	2546	31.3C	11.9
57.50	2542	31.3C	11.9
57.55	2541	31.3C	11.9
57.60	2539	31.3C	12.0
57.65	2536	31.3C	12.0
57.70	2532	31.3C	12.0
57.75	2531	31.3C	12.0
57.80	2528	31.3C	12.0
57.85	2526	31.3C	11.9
57.90	2526	31.3C	11.9
57.95	2522	31.3C	11.9
58.00	2525	31.3C	12.0
58.05	2520	31.3C	11.9
58.10	2520	31.3C	12.0
58.15	2517	31.3C	12.0
58.20	2514	31.3C	12.0
58.25	2513	31.3C	12.0
58.30	2514	31.3C	12.0
58.35	2514	31.3C	12.0
58.40	2516	31.3C	12.0
58.45	2519	31.2C	11.9
58.50	2523	31.2C	11.9
58.55	2525	31.2C	12.0
58.60	2528	31.2C	11.9
58.65	2527	31.2C	11.9
58.70	2526	31.2C	11.9
58.75	2525	31.2C	12.0
58.80	2520	31.2C	12.0
58.85	2515	31.2C	12.0
58.90	2510	31.2C	11.9
58.95	2505	31.2C	11.9
59.00	2499	31.2C	12.0
59.05	2492	31.2C	12.0
59.10	2489	31.2C	12.0
59.15	2486	31.2C	11.9
59.20	2483	31.2C	11.9
59.25	2481	31.2C	12.0
59.30	2479	31.2C	12.0
59.35	2477	31.2C	12.0
59.40	2475	31.2C	12.0
59.45	2474	31.2C	11.9
59.50	2474	31.2C	12.0
59.55	2473	31.2C	11.9
59.60	2472	31.2C	11.9
59.65	2472	31.2C	12.0
59.70	2471	31.2C	11.9
59.75	2472	31.2C	12.0
59.80	2472	31.2C	12.0
59.85	2470	31.2C	12.0
59.90	2472	31.2C	11.9
59.95	2471	31.2C	12.0
60.00	2470	31.2C	12.0
60.05	2469	31.2C	12.0
60.10	2467	31.2C	12.0
60.15	2465	31.2C	12.0
60.20	2462	31.2C	11.9
60.25	2462	31.2C	12.0
60.30	2457	31.2C	12.0
60.35	2447	31.2C	12.0
60.40	2437	31.2C	12.0
60.45	2446	31.2C	12.0
60.50	2445	31.2C	11.9
60.55	2443	31.2C	12.0
60.60	2438	31.2C	12.0
60.65	2436	31.2C	12.0
60.70	2434	31.2C	12.0
60.75	2432	31.2C	12.0
60.80	2430	31.2C	12.0
60.85	2428	31.2C	12.0
60.90	2425	31.2C	12.0
60.95	2424	31.2C	12.0
61.00	2423	31.2C	12.0
61.05	2421	31.2C	12.0
61.10	2421	31.2C	12.0
61.15	2418	31.2C	12.0
61.20	2415	31.2C	11.9
61.25	2413	31.2C	12.0
61.30	2409	31.2C	11.9
61.35	2409	31.2C	11.9
61.40	2407	31.2C	12.0
61.45	2405	31.2C	12.0
61.50	2403	31.2C	12.0
61.55	2402	31.2C	11.9
61.60	2400	31.2C	12.0
61.65	2399	31.2C	12.0
61.70	2398	31.2C	12.0
61.75	2399	31.2C	12.0
61.80	2400	31.2C	12.0
61.85	2400	31.2C	11.9
61.90	2402	31.2C	12.0
61.95	2406	31.2C	12.0
62.00	2410	31.1C	12.0
62.05	2410	31.1C	12.0
62.10	2410	31.1C	11.9
62.15	2410	31.1C	12.0
62.20	2411	31.1C	12.0
62.25	2408	31.1C	12.0
62.30	2405	31.1C	12.0
62.35	2402	31.1C	12.0
62.40	2399	31.1C	12.0
62.45	2396	31.1C	12.0
62.50	2392	31.1C	12.0
62.55	2389	31.1C	11.9
62.60	2385	31.1C	12.0
62.65	2379	31.1C	12.0
62.70	2375	31.1C	12.0
62.75	2371	31.1C	12.0
62.80	2367	31.1C	12.0
62.85	2366	31.1C	12.0
62.90	2362	31.1C	11.9
62.95	2359	31.1C	12.0
63.00	2358	31.1C	12.0
63.05	2356	31.1C	11.9
63.10	2354	31.1C	12.0
63.15	2355	31.1C	12.0
63.20	2349	31.1C	12.0
63.25	2347	31.1C	12.0
63.30	2346	31.1C	12.0
63.35	2343	31.1C	12.0
63.40	2342	31.1C	12.0
63.45	2342	31.1C	11.9
63.50	2339	31.1C	12.0
63.55	2337	31.1C	12.0
63.60	2336	31.1C	12.0
63.65	2334	31.1C	12.0
63.70	2331	31.1C	11.9
63.75	2329	31.1C	12.0
63.80	2328	31.1C	11.9
63.85	2324	31.1C	12.0
63.90	2323	31.1C	12.0
63.95	2319	31.1C	12.0
64.00	2317	31.1C	11.9
64.05	2315	31.1C	12.0
64.10	2313	31.1C	12.0
64.15	2317	31.1C	12.0
64.20	2318	31.1C	12.0
64.25	2319	31.1C	12.0
64.30	2321	31.1C	12.0
64.35	2321	31.1C	11.9
64.40	2322	31.1C	11.9
64.45	2321	31.1C	12.0
64.50	2322	31.1C	11.9
64.55	2324	31.1C	12.0
64.60	2322	31.1C	11.9
64.65	2322	31.1C	11.9
64.70	2321	31.1C	12.0
64.75	2319	31.1C	11.9
64.80	2316	31.1C	11.9
64.85	2317	31.1C	11.9
64.90	2316	31.1C	12.0
64.95	2315	31.1C	12.0
65.00	2311	31.1C	12.0
65.05	2309	31.1C	12.0
65.10	2306	31.1C	12.0
65.15	2303	31.1C	12.0
65.20	2300	31.1C	12.0
65.25	2296	31.1C	11.9
65.30	2290	31.1C	11.9
65.35	2285	31.1C	12.0
65.40	2279	31.1C	12.0
65.45	2275	31.1C	12.0
65.50	2268	31.1C	12.0
65.55	2266	31.1C	12.0
65.60	2266	31.1C	12.0
65.65	2265	31.1C	12.0
65.70	2267	31.1C	12.0
65.75	2265	31.1C	12.0
65.80	2264	31.1C	11.9
65.85	2261	31.1C	12.0
65.90	2258	31.1C	12.0
65.95	2259	31.1C	12.0
66.00	2256	31.1C	12.0
66.05	2254	31.1C	12.0
66.10	2254	31.1C	12.0
66.15	2251	31.1C	11.9
66.20	2250	31.1C	12.0
66.25	2248	31.1C	11.9
66.30	2248	31.1C	11.9
66.35	2247	31.1C	11.9
66.40	2245	31.1C	12.0
66.45	2244	31.1C	12.0
66.50	2243	31.1C	12.0
66.55	2238	31.1C	12.0
66.60	2237	31.1C	12.0
66.65	2234	31.1C	12.0
66.70	2229	31.1C	11.9
66.75	2227	31.1C	12.0
66.80	2226	31.1C	12.0
66.85	2223	31.1C	11.9
66.90	2222	31.1C	12.0
66.95	2219	31.1C	12.0
67.00	2219	31.1C	11.9
67.05	2216	31.1C	11.9
67.10	2212	31.1C	12.0
67.15	2211	31.1C	12.0
67.20	2213	31.1C	12.0
67.25	2208	31.1C	12.0
67.30	2206	31.1C	12.0
67.35	2206	31.1C	12.0
67.40	2204	31.1C	12.0
67.45	2200	31.1C	12.0
67.50	2200	31.1C	12.0
67.55	2197	31.1C	12.0
67.60	2196	31.1C	12.0
67.65	2195	31.1C	12.0
67.70	2193	31.0C	12.0
67.75	2192	31.0C	12.0
67.80	2190	31.0C	12.0
67.85	2187	31.0C	12.0
67.90	2187	31.0C	12.0
67.95	2185	31.0C	12.0
68.00	2186	31.0C	12.0
68.05	2182	31.0C	11.9
68.10	2179	31.0C	11.9
68.15	2181	31.0C	12.0
68.20	2179	31.0C	11.9
68.25	2177	31.0C	12.0
68.30	2176	31.0C	12.0
68.35	2174	31.0C	12.0
68.40	2172	31.0C	12.0
68.45	2170	31.0C	12.0
68.50	2168	31.0C	12.0
68.55	2169	31.0C	12.0
68.60	2164	31.0C	12.0
68.65	2164	31.0C	12.0
68.70	2162	31.0C	12.0
68.75	2160	31.0C	12.0
68.80	2158	31.0C	12.0
68.85	2158	31.0C	11.9
68.90	2154	31.0C	12.0
68.95	2152	31.0C	12.0
69.00	2153	31.0C	12.0
69.05	2152	31.0C	11.9
69.10	2152	31.0C	11.9
69.15	2151	31.0C	12.0
69.20	2149	31.0C	12.0
69.25	2147	31.0C	11.9
69.30	2145	31.0C	12.0
69.35	2143	31.0C	12.0
69.40	2140	31.0C	12.0
69.45	2136	31.0C	12.0
69.50	2131	31.0C	12.0
69.55	2128	31.0C	12.0
69.60	2124	31.0C	12.0
69.65	2125	31.0C	12.0
69.70	2122	31.0C	12.0
69.75	2122	31.0C	12.0
69.80	2121	31.0C	12.0
69.85	2120	31.0C	12.0
69.90	2119	31.0C	12.0
69.95	2120	31.0C	11.9
70.00	2120	31.0C	12.0
70.05	2118	31.0C	12.0
70.10	2118	31.0C	12.0
70.15	2117	31.0C	11.9
70.20	2113	31.0C	12.0
70.25	2113	31.0C	12.0
70.30	2110	31.0C	11.9
70.35	2110	31.0C	12.0
70.40	2109	31.0C	12.0
70.45	2105	31.0C	12.0
70.50	2101	31.0C	12.0
70.55	2102	31.0C	12.0
70.60	2099	31.0C	12.0
70.65	2098	31.0C	12.0
70.70	2096	31.0C	11.9
70.75	2095	31.0C	12.0
70.80	2096	31.0C	12.0
70.85	2095	31.0C	12.0
70.90	2096	31.0C	12.0
70.95	2097	31.0C	12.0
71.00	2102	31.0C	12.0
71.05	2102	31.0C	11.9
71.10	2103	30.9C	12.0
71.15	2103	30.9C	11.9
71.20	2103	30.9C	12.0
71.25	2101	30.9C	12.0
71.30	2098	30.9C	12.0
71.35	2095	30.9C	12.0
71.40	2093	30.9C	12.0
71.45	2089	30.9C	12.0
71.50	2085	30.9C	12.0
71.55	2083	30.9C	12.0
71.60	2078	30.9C	11.9
71.65	2077	30.9C	11.9
71.70	2073	30.9C	12.0
71.75	2068	30.9C	11.9
71.80	2064	30.9C	12.0
71.85	2061	30.9C	12.0
71.90	2058	30.9C	12.0
71.95	2054	31.0C	12.0
72.00	2052	31.0C	12.0
72.05	2050	30.9C	12.0
72.10	2047	31.0C	12.0
72.15	2043	31.0C	12.0
72.20	2041	31.0C	12.0
72.25	2034	31.0C	11.9
72.30	2035	31.0C	12.0
72.35	2033	31.0C	12.0
72.40	2033	31.0C	12.0
72.45	2030	30.9C	12.0
72.50	2029	30.9C	11.9
72.55	2029	30.9C	12.0
72.60	2028	30.9C	12.0
72.65	2027	30.9C	12.0
72.70	2025	30.9C	12.0
72.75	2023	30.9C	12.0
72.80	2023	30.9C	12.0
72.85	2021	30.9C	12.0
72.90	2020	30.9C	12.0
72.95	2021	30.9C	12.0
73.00	2020	30.9C	12.0
73.05	2022	30.9C	12.0
73.10	2020	30.9C	12.0
73.15	2021	30.9C	12.0
73.20	2021	30.9C	11.9
73.25	2019	30.9C	11.9
73.30	2018	30.9C	12.0
73.35	2016	30.9C	12.0
73.40	2015	30.9C	12.0
73.45	2014	30.9C	11.9
73.50	2016	30.9C	12.0
73.55	2010	30.9C	12.0
73.60	2006	30.9C	11.9
73.65	2004	30.9C	12.0
73.70	1999	30.9C	12.0
73.75	1996	30.9C	12.0
73.80	1996	30.9C	12.0
73.85	1994	30.9C	12.0
73.90	1995	30.9C	12.0
73.95	1995	30.9C	11.9
74.00	1994	30.9C	12.0
74.05	1996	30.9C	12.0
74.10	1996	30.9C	12.0
74.15	1998	30.9C	11.9
74.20	1996	30.9C	12.0
74.25	1997	30.9C	12.0
74.30	1996	30.9C	12.0
74.35	1990	30.9C	12.0
74.40	1986	30.9C	12.0
74.45	1980	30.9C	11.9
74.50	1976	30.9C	12.0
74.55	1971	30.9C	12.0
74.60	1968	30.9C	12.0
74.65	1964	30.9C	12.0
74.70	1959	30.9C	12.0
74.75	1955	30.9C	12.0
74.80	1953	30.9C	12.0
74.85	1948	30.9C	12.0
74.90	1949	30.9C	12.0
74.95	1945	30.9C	12.0
75.00	1942	30.9C	12.0
75.05	1940	30.9C	12.0
75.10	1938	30.9C	12.0
75.15	1936	30.9C	12.0
75.20	1933	30.9C	12.0
75.25	1935	30.9C	12.0
75.30	1932	30.9C	12.0
75.35	1930	30.9C	12.0
75.40	1928	30.9C	11.9
75.45	1926	30.9C	11.9
75.50	1924	30.9C	11.9
75.55	1923	30.9C	12.0
75.60	1922	30.9C	12.0
75.65	1920	30.9C	12.0
75.70	1919	30.9C	11.9
75.75	1918	30.9C	11.9
75.80	1914	30.9C	11.9
75.85	1911	30.9C	12.0
75.90	1909	30.9C	12.0
75.95	1909	30.9C	12.0
76.00	1907	30.9C	12.0
76.05	1905	30.9C	11.9
76.10	1904	30.9C	11.9
76.15	1905	30.9C	12.0
76.20	1908	30.9C	12.0
76.25	1910	30.9C	12.0
76.30	1915	30.8C	12.0
76.35	1918	30.8C	12.0
76.40	1918	30.8C	12.0
76.45	1919	30.8C	12.0
76.50	1918	30.8C	12.0
76.55	1913	30.8C	12.0
76.60	1910	30.8C	12.0
76.65	1905	30.8C	12.0
76.70	1900	30.8C	12.0
76.75	1891	30.8C	12.0
76.80	1884	30.8C	12.0
76.85	1880	30.8C	12.0
76.90	1882	30.8C	12.0
76.95	1877	30.8C	12.0
77.00	1877	30.8C	12.0
77.05	1875	30.8C	12.0
77.10	1873	30.8C	12.0
77.15	1871	30.8C	12.0
77.20	1867	30.8C	11.9
77.25	1868	30.8C	11.9
77.30	1869	30.8C	12.0
77.35	1867	30.8C	11.9
77.40	1870	30.8C	11.9
77.45	1874	30.8C	11.9
77.50	1877	30.8C	12.0
77.55	1857	30.8C	12.0
77.60	1856	30.8C	12.0
77.65	1876	30.8C	11.9
77.70	1868	30.8C	11.9
77.75	1864	30.8C	11.9
77.80	1861	30.8C	12.0
77.85	1857	30.8C	12.0
77.90	1850	30.8C	12.0
77.95	1845	30.8C	12.0
78.00	1842	30.8C	12.0
78.05	1837	30.8C	12.0
78.10	1835	30.8C	12.0
78.15	1835	30.8C	12.0
78.20	1830	30.8C	12.0
78.25	1831	30.8C	12.0
78.30	1829	30.8C	12.0
78.35	1825	30.8C	11.9
78.40	1823	30.8C	12.0
78.45	1820	30.8C	11.9
78.50	1818	30.8C	12.0
78.55	1818	30.8C	12.0
78.60	1815	30.8C	12.0
78.65	1813	30.8C	12.0
78.70	1813	30.8C	11.9
78.75	1812	30.8C	12.0
78.80	1813	30.8C	12.0
78.85	1810	30.8C	12.0
78.90	1808	30.8C	12.0
78.95	1808	30.8C	12.0
79.00	1807	30.8C	12.0
79.05	1805	30.8C	11.9
79.10	1803	30.8C	12.0
79.15	1803	30.8C	12.0
79.20	1799	30.8C	12.0
79.25	1796	30.8C	11.9
79.30	1795	30.8C	12.0
79.35	1793	30.8C	11.9
79.40	1790	30.8C	12.0
79.45	1788	30.8C	12.0
79.50	1787	30.8C	11.9
79.55	1786	30.8C	12.0
79.60	1783	30.8C	12.0
79.65	1783	30.8C	11.9
79.70	1783	30.8C	12.0
79.75	1782	30.8C	12.0
79.80	1782	30.8C	11.9
79.85	1781	30.8C	12.0
79.90	1777	30.8C	12.0
79.95	1775	30.8C	11.9
80.00	1772	30.8C	12.0
80.05	1772	30.8C	11.9
80.10	1769	30.8C	12.0
80.15	1766	30.8C	12.0
80.20	1764	30.8C	12.0
80.25	1764	30.8C	12.0
80.30	1763	30.8C	11.9
80.35	1760	30.8C	12.0
80.40	1757	30.8C	12.0
80.45	1755	30.8C	12.0
80.50	1753	30.8C	11.9
80.55	1753	30.8C	12.0
80.60	1750	30.8C	12.0
80.65	1749	30.8C	11.9
80.70	1745	30.8C	12.0
80.75	1744	30.8C	12.0
80.80	1743	30.8C	11.9
80.85	1741	30.8C	11.9
80.90	1739	30.8C	12.0
80.95	1737	30.8C	11.9
81.00	1735	30.8C	11.9
81.05	1739	30.8C	11.9
81.10	1737	30.8C	12.0
81.15	1736	30.8C	12.0
81.20	1734	30.7C	11.9
81.25	1733	30.7C	12.0
81.30	1730	30.7C	12.0
81.35	1728	30.7C	11.9
81.40	1727	30.7C	12.0
81.45	1723	30.7C	11.9
81.50	1721	30.7C	12.0
81.55	1718	30.7C	12.0
81.60	1716	30.7C	11.9
81.65	1711	30.7C	12.0
81.70	1710	30.7C	11.9
81.75	1709	30.7C	12.0
81.80	1707	30.7C	11.9
81.85	1705	30.7C	11.9
81.90	1704	30.7C	11.9
81.95	1703	30.7C	11.9
82.00	1700	30.7C	12.0
82.05	1700	30.7C	12.0
82.10	1697	30.7C	12.0
82.15	1697	30.7C	11.9
82.20	1695	30.7C	11.9
82.25	1695	30.7C	11.9
82.30	1691	30.7C	12.0
82.35	1691	30.7C	11.9
82.40	1690	30.7C	11.9
82.45	1688	30.7C	12.0
82.50	1687	30.7C	11.9
82.55	1683	30.7C	11.9
82.60	1681	30.7C	11.9
82.65	1679	30.7C	11.9
82.70	1676	30.7C	11.9
82.75	1676	30.7C	11.9
82.80	1674	30.7C	11.9
82.85	1676	30.7C	12.0
82.90	1673	30.7C	12.0
82.95	1672	30.7C	12.0
83.00	1673	30.7C	12.0
83.05	1672	30.7C	12.0
83.10	1669	30.7C	12.0
83.15	1670	30.7C	12.0
83.20	1668	30.7C	12.0
83.25	1669	30.7C	12.0
83.30	1666	30.7C	12.0
83.35	1664	30.7C	11.9
83.40	1663	30.7C	11.9
83.45	1662	30.7C	12.0
83.50	1660	30.7C	12.0
83.55	1657	30.7C	12.0
83.60	1655	30.7C	11.9
83.65	1652	30.7C	11.9
83.70	1650	30.7C	12.0
83.75	1645	30.7C	12.0
83.80	1644	30.7C	12.0
83.85	1641	30.7C	12.0
83.90	1638	30.7C	12.0
83.95	1633	30.7C	12.0
84.00	1631	30.7C	11.9
84.05	1628	30.7C	12.0
84.10	1626	30.7C	12.0
84.15	1623	30.7C	11.9
84.20	1621	30.7C	12.0
84.25	1619	30.7C	11.9
84.30	1616	30.7C	12.0
84.35	1614	30.7C	12.0
84.40	1614	30.7C	12.0
84.45	1612	30.7C	12.0
84.50	1610	30.7C	12.0
84.55	1611	30.7C	12.0
84.60	1610	30.7C	12.0
84.65	1609	30.7C	12.0
84.70	1608	30.7C	12.0
84.75	1609	30.6C	12.0
84.80	1610	30.6C	11.9
84.85	1610	30.6C	12.0
84.90	1609	30.6C	11.9
84.95	1609	30.6C	12.0
85.00	1609	30.6C	12.0
85.05	1609	30.6C	11.9
85.10	1608	30.6C	11.9
85.15	1604	30.6C	11.9
85.20	1605	30.6C	11.9
85.25	1603	30.6C	11.9
85.30	1600	30.6C	11.9
85.35	1596	30.6C	12.0
85.40	1595	30.6C	12.0
85.45	1592	30.6C	12.0
85.50	1587	30.6C	12.0
85.55	1583	30.6C	11.9
85.60	1579	30.6C	12.0
85.65	1575	30.6C	11.9
85.70	1571	30.6C	12.0
85.75	1569	30.6C	11.9
85.80	1566	30.6C	11.9
85.85	1563	30.6C	11.9
85.90	1560	30.6C	12.0
85.95	1557	30.6C	12.0
86.00	1559	30.6C	12.0
86.05	1559	30.6C	12.0
86.10	1559	30.6C	11.9
86.15	1555	30.6C	11.9
86.20	1555	30.6C	11.9
86.25	1554	30.6C	12.0
86.30	1550	30.6C	11.9
86.35	1548	30.6C	11.9
86.40	1545	30.6C	11.9
86.45	1545	30.6C	11.9
86.50	1541	30.6C	11.9
86.55	1540	30.6C	12.0
86.60	1537	30.6C	11.9
86.65	1535	30.6C	11.9
86.70	1533	30.6C	11.9
86.75	1532	30.6C	11.9
86.80	1529	30.6C	11.9
86.85	1529	30.6C	11.9
86.90	1525	30.6C	11.9
86.95	1525	30.6C	12.0
87.00	1523	30.6C	11.9
87.05	1522	30.6C	12.0
87.10	1524	30.6C	11.9
87.15	1521	30.6C	12.0
87.20	1517	30.6C	11.9
87.25	1517	30.6C	11.9
87.30	1512	30.6C	12.0
87.35	1509	30.6C	11.9
87.40	1504	30.6C	11.9
87.45	1501	30.6C	11.9
87.50	1500	30.6C	11.9
87.55	1497	30.6C	11.9
87.60	1495	30.6C	12.0
87.65	1494	30.6C	12.0
87.70	1493	30.6C	12.0
87.75	1491	30.6C	12.0
87.80	1489	30.6C	12.0
87.85	1489	30.6C	12.0
87.90	1486	30.6C	11.9
87.95	1489	30.6C	12.0
88.00	1489	30.6C	12.0
88.05	1491	30.6C	11.9
88.10	1489	30.6C	12.0
88.15	1494	30.6C	12.0
88.20	1495	30.6C	12.0
88.25	1497	30.6C	12.0
88.30	1497	30.6C	11.9
88.35	1494	30.5C	12.0
88.40	1493	30.5C	11.9
88.45	1489	30.5C	12.0
88.50	1489	30.5C	11.9
88.55	1486	30.5C	12.0
88.60	1481	30.6C	12.0
88.65	1476	30.6C	12.0
88.70	1474	30.6C	12.0
88.75	1472	30.6C	12.0
88.80	1468	30.6C	11.9
88.85	1461	30.6C	12.0
88.90	1457	30.6C	12.0
88.95	1453	30.6C	12.0
89.00	1451	30.6C	12.0
89.05	1450	30.6C	12.0
89.10	1447	30.6C	12.0
89.15	1445	30.6C	11.9
89.20	1443	30.6C	12.0
89.25	1443	30.6C	12.0
89.30	1440	30.6C	12.0
89.35	1437	30.6C	12.0
89.40	1430	30.6C	11.9
89.45	1438	30.5C	12.0
89.50	1441	30.5C	12.0
89.55	1440	30.5C	12.0
89.60	1439	30.5C	12.0
89.65	1438	30.5C	11.9
89.70	1437	30.5C	11.9
89.75	1438	30.5C	12.0
89.80	1436	30.5C	12.0
89.85	1436	30.5C	11.9
89.90	1435	30.5C	12.0
89.95	1434	30.5C	12.0
90.00	1433	30.5C	12.0
90.05	1428	30.5C	12.0
90.10	1427	30.5C	12.0
90.15	1423	30.5C	12.0
90.20	1419	30.5C	12.0
90.25	1414	30.5C	11.9
90.30	1410	30.5C	11.9
90.35	1404	30.5C	11.9
90.40	1401	30.5C	12.0
90.45	1399	30.5C	12.0
90.50	1394	30.5C	12.0
90.55	1391	30.5C	12.0
90.60	1384	30.5C	11.9
90.65	1382	30.5C	12.0
90.70	1383	30.5C	12.0
90.75	1381	30.5C	12.0
90.80	1379	30.5C	12.0
90.85	1377	30.5C	12.0
90.90	1375	30.5C	11.9
90.95	1372	30.5C	11.9
91.00	1368	30.5C	11.9
91.05	1371	30.5C	11.9
91.10	1366	30.5C	11.9
91.15	1363	30.5C	11.9
91.20	1363	30.5C	11.9
91.25	1362	30.5C	12.0
91.30	1364	30.5C	12.0
91.35	1369	30.5C	12.0
91.40	1374	30.5C	11.9
91.45	1379	30.5C	12.0
91.50	1378	30.5C	12.0
91.55	1376	30.5C	12.0
91.60	1370	30.5C	11.9
91.65	1364	30.5C	12.0
91.70	1358	30.5C	11.9
91.75	1352	30.5C	12.0
91.80	1348	30.5C	12.0
91.85	1342	30.5C	12.0
91.90	1341	30.5C	12.0
91.95	1339	30.5C	12.0
92.00	1335	30.5C	12.0
92.05	1333	30.5C	12.0
92.10	1330	30.5C	11.9
92.15	1329	30.5C	11.9
92.20	1327	30.5C	11.9
92.25	1326	30.5C	12.0
92.30	1324	30.5C	12.0
92.35	1326	30.5C	11.9
92.40	1323	30.5C	11.9
92.45	1321	30.5C	12.0
92.50	1323	30.5C	12.0
92.55	1313	30.5C	11.9
92.60	1312	30.5C	12.0
92.65	1322	30.5C	12.0
92.70	1321	30.5C	12.0
92.75	1319	30.5C	12.0
92.80	1318	30.5C	12.0
92.85	1315	30.5C	12.0
92.90	1314	30.5C	12.0
92.95	1311	30.5C	12.0
93.00	1310	30.5C	12.0
93.05	1305	30.5C	11.9
93.10	1302	30.5C	12.0
93.15	1299	30.5C	12.0
93.20	1296	30.5C	12.0
93.25	1292	30.5C	12.0
93.30	1290	30.5C	12.0
93.35	1287	30.5C	12.0
93.40	1286	30.5C	12.0
93.45	1280	30.5C	12.0
93.50	1278	30.5C	12.0
93.55	1274	30.5C	12.0
93.60	1272	30.5C	12.0
93.65	1270	30.5C	11.9
93.70	1267	30.5C	12.0
93.75	1266	30.5C	12.0
93.80	1267	30.5C	12.0
93.85	1265	30.5C	11.9
93.90	1263	30.5C	12.0
93.95	1263	30.5C	12.0
94.00	1259	30.5C	12.0
94.05	1258	30.5C	12.0
94.10	1256	30.5C	12.0
94.15	1254	30.5C	12.0
94.20	1250	30.5C	12.0
94.25	1249	30.5C	11.9
94.30	1248	30.5C	12.0
94.35	1245	30.5C	12.0
94.40	1243	30.5C	12.0
94.45	1241	30.5C	12.0
94.50	1239	30.5C	12.0
94.55	1238	30.4C	11.9
94.60	1236	30.4C	12.0
94.65	1235	30.4C	12.0
94.70	1232	30.4C	12.0
94.75	1232	30.4C	12.0
94.80	1231	30.4C	11.9
94.85	1229	30.4C	12.0
94.90	1225	30.4C	11.9
94.95	1222	30.4C	11.9
95.00	1224	30.4C	11.9
95.05	1221	30.4C	12.0
95.10	1220	30.4C	12.0
95.15	1218	30.4C	12.0
95.20	1218	30.4C	11.9
95.25	1216	30.4C	12.0
95.30	1214	30.4C	11.9
95.35	1212	30.4C	11.9
95.40	1212	30.4C	11.9
95.45	1207	30.4C	11.9
95.50	1206	30.4C	12.0
95.55	1203	30.4C	12.0
95.60	1201	30.4C	11.9
95.65	1200	30.4C	12.0
95.70	1200	30.4C	11.9
95.75	1198	30.4C	12.0
95.80	1199	30.4C	11.9
95.85	1197	30.4C	12.0
95.90	1197	30.4C	12.0
95.95	1193	30.4C	12.0
96.00	1195	30.4C	12.0
96.05	1193	30.4C	11.9
96.10	1190	30.4C	12.0
96.15	1188	30.4C	11.9
96.20	1186	30.4C	11.9
96.25	1180	30.4C	11.9
96.30	1179	30.4C	11.9
96.35	1176	30.4C	11.9
96.40	1170	30.4C	12.0
96.45	1169	30.4C	12.0
96.50	1166	30.4C	12.0
96.55	1165	30.4C	12.0
96.60	1164	30.4C	12.0
96.65	1161	30.4C	11.9
96.70	1155	30.4C	12.0
96.75	1153	30.4C	11.9
96.80	1152	30.4C	11.9
96.85	1147	30.4C	12.0
96.90	1144	30.4C	12.0
96.95	1144	30.4C	12.0
97.00	1144	30.4C	12.0
97.05	1144	30.4C	12.0
97.10	1144	30.4C	12.0
97.15	1147	30.4C	12.0
97.20	1154	30.4C	12.0
97.25	1155	30.4C	12.0
97.30	1157	30.4C	12.0
97.35	1154	30.4C	11.9
97.40	1149	30.4C	12.0
97.45	1144	30.4C	12.0
97.50	1137	30.4C	12.0
97.55	1129	30.4C	12.0
97.60	1125	30.4C	11.9
97.65	1125	30.4C	11.9
97.70	1123	30.4C	12.0
97.75	1120	30.4C	12.0
97.80	1119	30.4C	12.0
97.85	1117	30.4C	11.9
97.90	1115	30.4C	12.0
97.95	1111	30.4C	12.0
98.00	1108	30.4C	11.9
98.05	1109	30.4C	11.9
98.10	1108	30.4C	12.0
98.15	1109	30.4C	12.0
98.20	1109	30.4C	12.0
98.25	1109	30.4C	12.0
98.30	1112	30.3C	12.0
98.35	1111	30.3C	11.9
98.40	1098	30.4C	12.0
98.45	1100	30.3C	11.9
98.50	1114	30.3C	11.9
98.55	1110	30.3C	12.0
98.60	1105	30.3C	12.0
98.65	1101	30.3C	12.0
98.70	1097	30.3C	12.0
98.75	1093	30.3C	11.9
98.80	1085	30.4C	12.0
98.85	1081	30.3C	12.0
98.90	1076	30.4C	12.0
98.95	1073	30.4C	12.0
99.00	1072	30.4C	12.0
99.05	1069	30.4C	12.0
99.10	1068	30.4C	11.9
99.15	1066	30.3C	12.0
99.20	1061	30.4C	12.0
99.25	1058	30.4C	11.9
99.30	1058	30.3C	12.0
99.35	1054	30.4C	12.0
99.40	1053	30.3C	11.9
99.45	1054	30.3C	12.0
99.50	1054	30.3C	12.0
99.55	1050	30.3C	12.0
99.60	1051	30.3C	11.9
99.65	1050	30.3C	11.9
99.70	1053	30.3C	12.0
99.75	1051	30.3C	12.0
99.80	1050	30.3C	12.0
99.85	1046	30.3C	12.0
99.90	1043	30.3C	12.0
99.95	1038	30.3C	12.0
100.00	1034	30.3C	12.0
100.05	1031	30.3C	11.9
100.10	1028	30.3C	12.0
100.15	1025	30.3C	12.0
100.20	1024	30.3C	12.0
100.25	1028	30.3C	12.0
100.30	1027	30.3C	12.0
100.35	1027	30.3C	12.0
100.40	1027	30.3C	11.9
100.45	1028	30.3C	12.0
100.50	1030	30.3C	12.0
100.55	1030	30.3C	12.0
100.60	1028	30.3C	12.0
100.65	1027	30.3C	11.9
100.70	1020	30.3C	12.0
100.75	1018	30.3C	11.9
100.80	1014	30.3C	12.0
100.85	1010	30.3C	12.0
100.90	1006	30.3C	12.0
100.95	1004	30.3C	12.0
101.00	1001	30.3C	11.9
101.05	1000	30.3C	12.0
101.10	997	30.3C	12.0
101.15	997	30.3C	11.9
101.20	996	30.3C	11.9
101.25	993	30.3C	11.9
101.30	991	30.3C	12.0
101.35	989	30.3C	11.9
101.40	986	30.3C	12.0
101.45	984	30.3C	12.0
101.50	983	30.3C	12.0
101.55	979	30.3C	11.9
101.60	980	30.3C	12.0
101.65	979	30.3C	12.0
101.70	977	30.3C	11.9
101.75	973	30.3C	12.0
101.80	972	30.3C	12.0
101.85	969	30.3C	11.9
101.90	968	30.3C	12.0
101.95	966	30.3C	12.0
102.00	961	30.3C	12.0
102.05	960	30.3C	12.0
102.10	959	30.3C	12.0
102.15	957	30.3C	12.0
102.20	958	30.3C	12.0
102.25	954	30.3C	12.0
102.30	954	30.3C	12.0
102.35	952	30.3C	12.0
102.40	948	30.3C	12.0
102.45	948	30.3C	11.9
102.50	945	30.3C	12.0
102.55	943	30.3C	12.0
102.60	944	30.3C	12.0
102.65	939	30.3C	11.9
102.70	937	30.3C	11.9
102.75	934	30.3C	12.0
102.80	934	30.3C	11.9
102.85	932	30.3C	12.0
102.90	928	30.3C	11.9
102.95	924	30.3C	11.9
103.00	921	30.3C	12.0
103.05	920	30.3C	12.0
103.10	917	30.3C	12.0
103.15	917	30.3C	12.0
103.20	914	30.3C	11.9
103.25	912	30.3C	12.0
103.30	910	30.3C	12.0
103.35	910	30.3C	12.0
103.40	907	30.3C	12.0
103.45	904	30.3C	12.0
103.50	901	30.3C	11.9
103.55	899	30.3C	11.9
103.60	895	30.3C	12.0
103.65	894	30.3C	11.9
103.70	891	30.3C	12.0
103.75	891	30.3C	12.0
103.80	891	30.3C	12.0
103.85	891	30.3C	11.9
103.90	891	30.3C	12.0
103.95	892	30.3C	12.0
104.00	893	30.3C	12.0
104.05	893	30.3C	12.0
104.10	896	30.2C	11.9
104.15	894	30.2C	12.0
104.20	890	30.2C	11.9
104.25	890	30.2C	12.0
104.30	889	30.2C	12.0
104.35	885	30.2C	12.0
104.40	881	30.2C	12.0
104.45	878	30.2C	12.0
104.50	875	30.2C	12.0
104.55	873	30.3C	12.0
104.60	871	30.2C	12.0
104.65	867	30.2C	12.0
104.70	864	30.3C	12.0
104.75	860	30.2C	11.9
104.80	854	30.2C	12.0
104.85	853	30.2C	12.0
104.90	848	30.2C	12.0
104.95	845	30.3C	12.0
105.00	848	30.2C	11.9
105.05	849	30.2C	12.0
105.10	849	30.2C	12.0
105.15	846	30.2C	12.0
105.20	846	30.2C	11.9
105.25	846	30.2C	11.9
105.30	844	30.2C	12.0
105.35	846	30.2C	12.0
105.40	846	30.2C	12.0
105.45	845	30.2C	12.0
105.50	844	30.2C	11.9
105.55	847	30.2C	11.9
105.60	848	30.2C	12.0
105.65	847	30.2C	12.0
105.70	845	30.2C	11.9
105.75	841	30.2C	12.0
105.80	840	30.2C	11.9
105.85	836	30.2C	12.0
105.90	832	30.2C	12.0
105.95	829	30.2C	12.0
106.00	824	30.2C	12.0
106.05	821	30.2C	12.0
106.10	817	30.2C	11.9
106.15	812	30.2C	11.9
106.20	808	30.2C	11.9
106.25	805	30.2C	11.9
106.30	799	30.2C	12.0
106.35	796	30.2C	12.0
106.40	793	30.2C	11.9
106.45	790	30.2C	11.9
106.50	793	30.2C	11.9
106.55	793	30.2C	11.9
106.60	791	30.2C	12.0
106.65	789	30.2C	12.0
106.70	788	30.2C	12.0
106.75	784	30.2C	12.0
106.80	782	30.2C	11.9
106.85	779	30.2C	12.0
106.90	778	30.2C	12.0
106.95	775	30.2C	11.9
107.00	774	30.2C	12.0
107.05	770	30.2C	12.0
107.10	768	30.2C	12.0
107.15	767	30.2C	12.0
107.20	766	30.2C	12.0
107.25	762	30.2C	11.9
107.30	760	30.2C	11.9
107.35	758	30.2C	12.0
107.40	757	30.2C	12.0
107.45	755	30.2C	11.9
107.50	753	30.2C	12.0
107.55	749	30.2C	12.0
107.60	747	30.2C	12.0
107.65	746	30.2C	11.9
107.70	743	30.2C	12.0
107.75	743	30.2C	12.0
107.80	738	30.2C	12.0
107.85	738	30.2C	11.9
107.90	736	30.2C	12.0
107.95	736	30.2C	12.0
108.00	736	30.2C	11.9
108.05	742	30.2C	12.0
108.10	746	30.2C	12.0
108.15	750	30.1C	12.0
108.20	751	30.1C	12.0
108.25	750	30.1C	12.0
108.30	747	30.1C	12.0
108.35	736	30.2C	12.0
108.40	732	30.2C	12.0
108.45	725	30.2C	12.0
108.50	721	30.2C	11.9
108.55	719	30.2C	11.9
108.60	716	30.2C	11.9
108.65	716	30.2C	12.0
108.70	713	30.2C	11.9
108.75	712	30.2C	11.9
108.80	708	30.2C	11.9
108.85	708	30.2C	12.0
108.90	706	30.2C	11.9
108.95	707	30.2C	11.9
109.00	708	30.2C	11.9
109.05	706	30.2C	12.0
109.10	704	30.1C	12.0
109.15	701	30.2C	11.9
109.20	699	30.1C	11.9
109.25	696	30.2C	11.9
109.30	695	30.2C	11.9
109.35	693	30.2C	11.9
109.40	691	30.1C	11.9
109.45	686	30.1C	11.9
109.50	683	30.2C	11.9
109.55	680	30.2C	11.9
109.60	678	30.2C	11.9
109.65	674	30.2C	11.9
109.70	673	30.2C	11.9
109.75	670	30.2C	11.9
109.80	668	30.2C	11.9
109.85	667	30.1C	11.9
109.90	665	30.1C	11.9
109.95	665	30.2C	11.9
110.00	662	30.2C	11.9
110.05	660	30.1C	11.9
110.10	659	30.1C	11.9
110.15	657	30.1C	11.9
110.20	656	30.1C	11.9
110.25	655	30.1C	11.9
110.30	653	30.1C	11.9
110.35	652	30.1C	11.9
110.40	652	30.1C	11.9
110.45	649	30.1C	11.9
110.50	648	30.1C	11.9
110.55	644	30.1C	11.9
110.60	642	30.1C	12.0
110.65	640	30.1C	12.0
110.70	637	30.1C	11.9
110.75	635	30.1C	11.9
110.80	634	30.1C	11.9
110.85	633	30.1C	11.9
110.90	632	30.1C	12.0
110.95	638	30.1C	11.9
111.00	641	30.1C	11.9
111.05	642	30.1C	12.0
111.10	645	30.1C	11.9
111.15	648	30.1C	11.9
111.20	646	30.1C	11.9
111.25	643	30.1C	12.0
111.30	640	30.1C	12.0
111.35	633	30.1C	11.9
111.40	626	30.1C	12.0
111.45	620	30.1C	11.9
111.50	617	30.1C	11.9
111.55	613	30.1C	11.9
111.60	611	30.1C	12.0
111.65	609	30.1C	11.9
111.70	604	30.1C	11.9
111.75	605	30.1C	11.9
111.80	602	30.1C	11.9
111.85	601	30.1C	11.9
111.90	600	30.1C	12.0
111.95	600	30.1C	11.9
112.00	600	30.1C	11.9
112.05	599	30.1C	12.0
112.10	599	30.1C	11.9
112.15	599	30.1C	11.9
112.20	591	30.1C	11.9
112.25	601	30.1C	12.0
112.30	600	30.1C	11.9
112.35	597	30.1C	11.9
112.40	594	30.1C	12.0
112.45	593	30.1C	11.9
112.50	589	30.1C	11.9
112.55	586	30.1C	11.9
112.60	580	30.1C	12.0
112.65	576	30.1C	12.0
112.70	575	30.1C	11.9
112.75	570	30.1C	12.0
112.80	566	30.1C	11.9
112.85	564	30.1C	12.0
112.90	563	30.1C	12.0
112.95	562	30.1C	12.0
113.00	564	30.1C	11.9
113.05	564	30.1C	12.0
113.10	564	30.1C	12.0
113.15	563	30.1C	12.0
113.20	563	30.1C	12.0
113.25	559	30.1C	12.0
113.30	557	30.1C	11.9
113.35	554	30.1C	11.9
113.40	552	30.1C	11.9
113.45	549	30.1C	11.9
113.50	546	30.1C	12.0
113.55	545	30.1C	11.9
113.60	543	30.1C	11.9
113.65	541	30.1C	11.9
113.70	539	30.1C	11.9
113.75	537	30.1C	11.9
113.80	535	30.1C	12.0
113.85	532	30.1C	12.0
113.90	530	30.1C	12.0
113.95	529	30.1C	12.0
114.00	527	30.1C	11.9
114.05	525	30.1C	11.9
114.10	523	30.1C	11.9
114.15	518	30.1C	12.0
114.20	520	30.1C	11.9
114.25	519	30.1C	11.9
114.30	521	30.1C	12.0
114.35	527	30.1C	12.0
114.40	536	30.0C	11.9
114.45	533	30.0C	12.0
114.50	523	30.1C	11.9
114.55	513	30.1C	11.9
114.60	506	30.1C	11.9
114.65	505	30.1C	11.9
114.70	502	30.1C	11.9
114.75	500	30.1C	12.0
114.80	499	30.1C	12.0
114.85	501	30.1C	11.9
114.90	501	30.1C	11.9
114.95	508	30.0C	11.9
115.00	510	30.0C	12.0
115.05	504	30.0C	12.0
115.10	495	30.0C	12.0
115.15	487	30.1C	12.0
115.20	482	30.1C	12.0
115.25	479	30.1C	11.9
115.30	478	30.1C	11.9
115.35	477	30.1C	11.9
115.40	472	30.1C	11.9
115.45	471	30.1C	11.9
115.50	472	30.1C	11.9
115.55	472	30.1C	11.9
115.60	467	30.1C	11.9
115.65	464	30.1C	11.9
115.70	461	30.1C	12.0
115.75	459	30.1C	12.0
115.80	457	30.0C	11.9
115.85	455	30.0C	11.9
115.90	454	30.1C	12.0
115.95	454	30.1C	12.0
116.00	453	30.1C	12.0
116.05	455	30.0C	12.0
116.10	457	30.0C	11.9
116.15	455	30.0C	12.0
116.20	452	30.0C	12.0
116.25	446	30.0C	12.0
116.30	456	30.0C	12.0
116.35	456	30.0C	11.9
116.40	456	30.0C	12.0
116.45	454	30.0C	11.9
116.50	453	30.0C	11.9
116.55	453	30.0C	11.9
116.60	451	30.0C	12.0
116.65	448	30.0C	12.0
116.70	446	30.0C	11.9
116.75	445	30.0C	11.9
116.80	442	30.0C	11.9
116.85	440	30.0C	11.9
116.90	439	30.0C	12.0
116.95	438	30.0C	12.0
117.00	435	30.0C	12.0
117.05	437	30.0C	12.0
117.10	436	30.0C	12.0
117.15	436	30.0C	12.0
117.20	433	30.0C	12.0
117.25	429	30.0C	11.9
117.30	420	30.0C	11.9
117.35	401	30.0C	11.9
117.40	402	30.0C	11.9
117.45	408	30.0C	11.9
117.50	409	30.0C	11.9
117.55	407	30.0C	11.9
117.60	405	30.0C	11.9
117.65	403	30.0C	11.9
117.70	400	30.0C	11.9
117.75	400	30.0C	12.0
117.80	400	30.0C	12.0
117.85	400	30.0C	12.0
117.90	402	30.0C	12.0
117.95	399	30.0C	11.9
118.00	394	30.0C	11.9
118.05	390	30.0C	12.0
118.10	384	30.0C	11.9
118.15	381	30.0C	11.9
118.20	376	30.0C	11.9
118.25	373	30.0C	11.9
118.30	369	30.0C	12.0
118.35	365	30.0C	11.9
118.40	365	30.0C	11.9
118.45	364	30.0C	12.0
118.50	361	30.0C	12.0
118.55	360	30.0C	12.0
118.60	363	30.0C	12.0
118.65	362	30.0C	12.0
118.70	361	30.0C	11.9
118.75	357	30.0C	11.9
118.80	353	30.0C	12.0
118.85	351	30.0C	11.9
118.90	350	30.0C	12.0
118.95	345	30.0C	11.9
119.00	343	30.0C	11.9
119.05	340	30.0C	12.0
119.10	340	30.0C	12.0
119.15	338	30.0C	11.9
119.20	337	30.0C	11.9
119.25	335	30.0C	11.9
119.30	333	30.0C	11.9
119.35	331	30.0C	11.9
119.40	332	30.0C	11.9
119.45	332	30.0C	11.9
119.50	332	30.0C	11.9
119.55	331	30.0C	12.0
119.60	331	30.0C	12.0
119.65	332	30.0C	12.0
119.70	330	30.0C	11.9
119.75	330	30.0C	12.0
119.80	331	29.9C	11.9
119.85	332	30.0C	11.9
119.90	334	29.9C	11.9
119.95	336	29.9C	11.9
120.00	337	29.9C	12.0
120.05	333	29.9C	12.0
120.10	334	29.9C	11.9
120.15	329	29.9C	12.0
120.20	327	29.9C	12.0
120.25	325	29.9C	12.0
120.30	320	29.9C	12.0
120.35	319	29.9C	12.0
120.40	316	29.9C	12.0
120.45	315	29.9C	12.0
120.50	312	29.9C	11.9
120.55	311	29.9C	11.9
120.60	308	29.9C	11.9
120.65	304	29.9C	12.0
120.70	302	29.9C	11.9
120.75	298	29.9C	12.0
120.80	293	29.9C	12.0
120.85	292	29.9C	12.0
120.90	289	29.9C	11.9
120.95	283	30.0C	11.9
121.00	281	30.0C	12.0
121.05	278	30.0C	11.9
121.10	278	30.0C	11.9
121.15	274	29.9C	11.9
121.20	272	30.0C	11.9
121.25	272	29.9C	11.9
121.30	270	29.9C	11.9
121.35	269	29.9C	12.0
121.40	267	29.9C	11.9
121.45	268	29.9C	11.9
121.50	267	29.9C	11.9
121.55	268	29.9C	12.0
121.60	266	29.9C	12.0
121.65	266	29.9C	11.9
121.70	269	29.9C	11.9
121.75	269	29.9C	11.9
121.80	270	29.9C	12.0
121.85	271	29.9C	11.9
121.90	269	29.9C	11.9
121.95	268	29.9C	12.0
122.00	266	29.9C	11.9
122.05	266	29.9C	12.0
122.10	265	29.9C	11.9
122.15	263	29.9C	12.0
122.20	261	29.9C	11.9
122.25	260	29.9C	11.9
122.30	259	29.9C	11.9
122.35	258	29.9C	12.0
122.40	257	29.9C	11.9
122.45	254	29.9C	12.0
122.50	254	29.9C	12.0
122.55	251	29.9C	12.0
122.60	251	29.9C	12.0
122.65	249	29.9C	11.9
122.70	249	29.9C	12.0
122.75	246	29.9C	11.9
122.80	246	29.9C	11.9
122.85	239	29.9C	11.9
122.90	220	29.9C	11.9
122.95	225	29.9C	11.9
123.00	237	29.9C	12.0
123.05	236	29.9C	12.0
123.10	235	29.9C	11.9
123.15	232	29.9C	12.0
123.20	229	29.9C	12.0
123.25	226	29.9C	12.0
123.30	222	29.9C	11.9
123.35	220	29.9C	12.0
123.40	216	29.9C	11.9
123.45	215	29.9C	12.0
123.50	212	29.9C	12.0
123.55	208	29.9C	11.9
123.60	205	29.9C	11.9
123.65	203	29.9C	11.9
123.70	198	29.9C	12.0
123.75	195	29.9C	12.0
123.80	195	29.9C	11.9
123.85	191	29.9C	11.9
123.90	189	29.9C	12.0
123.95	186	29.9C	12.0
124.00	185	29.9C	11.9
124.05	182	29.9C	12.0
124.10	180	29.9C	12.0
124.15	179	29.9C	11.9
124.20	179	29.9C	11.9
124.25	177	29.9C	12.0
124.30	175	29.9C	11.9
124.35	173	29.9C	12.0
124.40	173	29.9C	11.9
124.45	172	29.9C	11.9
124.50	168	29.9C	12.0
124.55	167	29.9C	11.9
124.60	164	29.9C	12.0
124.65	162	29.9C	12.0
124.70	159	29.9C	12.0
124.75	156	29.9C	11.9
124.80	156	29.9C	12.0
124.85	155	29.9C	12.0
124.90	155	29.9C	12.0
124.95	153	29.9C	11.9
125.00	151	29.9C	11.9
125.05	152	29.9C	11.9
125.10	149	29.9C	12.0
125.15	149	29.9C	12.0
125.20	147	29.9C	11.9
125.25	144	29.9C	11.9
125.30	144	29.9C	11.9
125.35	142	29.9C	11.9
125.40	141	29.9C	11.9
125.45	141	29.9C	11.9
125.50	139	29.9C	12.0
125.55	137	29.9C	11.9
125.60	136	29.9C	11.9
125.65	133	29.9C	12.0
125.70	135	29.9C	11.9
125.75	130	29.9C	12.0
125.80	129	29.9C	12.0
125.85	128	29.9C	12.0
125.90	125	29.9C	12.0
125.95	125	29.9C	11.9
126.00	126	29.9C	11.9
126.05	126	29.9C	12.0
126.10	127	29.9C	11.9
126.15	129	29.9C	11.9
126.20	129	29.9C	11.9
126.25	127	29.9C	12.0
126.30	122	29.9C	12.0
126.35	119	29.9C	11.9
126.40	115	29.9C	12.0
126.45	112	29.9C	11.9
126.50	107	29.9C	11.9
126.55	105	29.9C	12.0
126.60	101	29.9C	11.9
126.65	98	29.9C	11.9
126.70	96	29.9C	11.9
126.75	96	29.9C	12.0
126.80	95	29.9C	11.9
126.85	93	29.9C	11.9
126.90	91	29.9C	12.0
126.95	89	29.9C	11.9
127.00	90	29.9C	11.9
127.05	89	29.9C	11.9
127.10	89	29.9C	11.9
127.15	90	29.9C	11.9
127.20	88	29.9C	11.9
127.25	87	29.9C	11.9
127.30	86	29.9C	11.9
127.35	85	29.9C	11.9
127.40	82	29.9C	11.9
127.45	82	29.9C	12.0
127.50	76	29.9C	12.0
127.55	74	29.9C	11.9
127.60	74	29.9C	12.0
127.65	72	29.9C	11.9
127.70	73	29.9C	12.0
127.75	71	29.9C	11.9
127.80	71	29.9C	12.0
127.85	68	29.9C	12.0
127.90	69	29.8C	12.0
127.95	67	29.8C	11.9
128.00	66	29.8C	11.9
128.05	66	29.8C	11.9
128.10	69	29.8C	11.9
128.15	71	29.8C	11.9
128.20	73	29.8C	12.0
128.25	76	29.8C	11.9
128.30	75	29.8C	11.9
128.35	74	29.8C	11.9
128.40	70	29.8C	11.9
128.45	71	29.8C	12.0
128.50	67	29.8C	11.9
128.55	66	29.8C	12.0
128.60	64	29.8C	11.9
128.65	61	29.8C	11.9
128.70	59	29.8C	11.9
128.75	56	29.8C	12.0
128.80	53	29.8C	12.0
128.85	53	29.8C	11.9
128.90	49	29.8C	11.9
128.95	47	29.8C	11.9
129.00	43	29.8C	11.9
129.05	41	29.8C	12.0
129.10	37	29.8C	12.0
129.15	33	29.8C	12.0
129.20	29	29.8C	11.9
129.25	24	29.8C	12.0
129.30	20	29.8C	12.0
129.35	17	29.8C	11.9
129.40	25	29.8C	11.9
129.45	27	29.8C	11.9
129.50	24	29.8C	11.9
129.55	25	29.8C	11.9
129.60	15	29.8C	12.0
129.65	17	29.8C	11.9
129.70	13	29.8C	12.0
129.75	15	29.8C	11.9
129.80	13	29.8C	11.9
129.85	14	29.8C	11.9
129.90	12	29.8C	12.0
129.95	15	29.8C	11.9
130.00	13	29.8C	12.0
130.05	14	29.8C	11.9
130.10	14	29.8C	11.9
130.15	15	29.8C	11.9
130.20	14	29.8C	12.0
130.25	15	29.8C	12.0
130.30	15	29.8C	11.9
130.35	13	29.8C	11.9
130.40	14	29.8C	11.9
130.45	14	29.8C	11.9
130.50	14	29.8C	12.0
130.55	15	29.8C	12.0
130.60	13	29.8C	11.9
130.65	14	29.8C	12.0
130.70	15	29.8C	11.9
130.75	14	29.8C	11.9
130.80	15	29.8C	11.9
130.85	15	29.8C	12.0
130.90	14	29.8C	12.0
130.95	14	29.8C	12.0
131.00	12	29.8C	11.9
131.05	15	29.8C	11.9
131.10	14	29.8C	12.0
131.15	14	29.8C	11.9
131.20	14	29.8C	12.0
131.25	14	29.8C	11.9
131.30	15	29.8C	12.0
131.35	14	29.8C	11.9
131.40	14	29.8C	11.9
131.45	14	29.8C	11.9
131.50	15	29.8C	11.9
131.55	15	29.8C	12.0
131.60	14	29.8C	12.0
131.65	14	29.8C	11.9
131.70	14	29.8C	12.0
131.75	14	29.8C	11.9
131.80	13	29.8C	11.9
131.85	14	29.8C	12.0
131.90	13	29.8C	11.9
131.95	14	29.8C	11.9
132.00	13	29.8C	11.9
132.05	14	29.8C	11.9
132.10	13	29.8C	11.9
132.15	14	29.8C	12.0
132.20	14	29.8C	11.9
132.25	15	29.8C	11.9
132.30	14	29.8C	11.9
132.35	15	29.8C	11.9
132.40	15	29.8C	11.9
132.45	13	29.8C	11.9
132.50	14	29.8C	11.9
132.55	15	29.8C	11.9
132.60	15	29.8C	11.9
132.65	13	29.8C	12.0
132.70	14	29.8C	11.9
132.75	15	29.8C	11.9
132.80	14	29.8C	11.9
132.85	15	29.8C	11.9
132.90	14	29.8C	11.9
132.95	14	29.8C	11.9
133.00	14	29.8C	11.9
133.05	14	29.8C	11.9
133.10	15	29.8C	11.9
133.15	15	29.8C	11.9
133.20	15	29.8C	11.9
133.25	14	29.8C	11.9
133.30	14	29.8C	11.9
133.35	14	29.8C	11.9
133.40	15	29.8C	11.9
133.45	15	29.8C	11.9
133.50	14	29.8C	11.9
133.55	15	29.8C	12.0
133.60	14	29.8C	11.9
133.65	14	29.8C	11.9
133.70	14	29.8C	12.0
133.75	13	29.8C	12.0
133.80	15	29.8C	12.0
133.85	15	29.8C	11.9
133.90	13	29.8C	11.9
133.95	15	29.7C	12.0
134.00	14	29.8C	11.9
134.05	15	29.8C	11.9
134.10	15	29.8C	11.9
134.15	14	29.7C	11.9
134.20	14	29.8C	11.9
134.25	14	29.8C	12.0
134.30	14	29.7C	11.9
134.35	14	29.8C	11.9
134.40	14	29.7C	11.9
134.45	15	29.7C	12.0
134.50	15	29.7C	11.9
134.55	15	29.7C	12.0
134.60	14	29.7C	12.0
134.65	15	29.7C	11.9
134.70	14	29.7C	12.0
134.75	15	29.7C	11.9
134.80	15	29.7C	12.0
134.85	15	29.7C	11.9
134.90	13	29.7C	11.9
134.95	15	29.7C	11.9
135.00	15	29.7C	11.9
135.05	15	29.7C	11.9
135.10	14	29.7C	12.0
135.15	14	29.7C	12.0