#Apogee (m) = 479.30

#Error code = 0
#Time (s) Altitude (m)
0.00 0.00
0.25 -1.30
0.50 -2.40
0.75 -3.60
1.00 -3.60
1.25 -4.50
1.50 -6.60
1.75 -4.20
2.00 -5.10
2.25 -5.70
2.50 47.00
2.75 129.80
3.00 213.80
3.25 284.50
3.50 356.90
3.75 438.00
4.00 463.50
4.25 479.30
4.50 475.50
4.75 476.30
5.00 479.10
5.25 468.90
5.50 459.10
5.75 444.90
6.00 424.70
6.25 394.80
6.50 370.40
6.75 348.90
7.00 332.50
7.25 321.10
7.50 307.00
7.75 293.50
8.00 280.10
8.25 267.80
8.50 258.80
8.75 247.70
9.00 236.40
9.25 225.50
9.50 215.30
9.75 207.70
10.00 197.70
10.25 188.70
10.50 179.50
10.75 171.80
11.00 163.40
11.25 157.20
11.50 149.20
11.75 142.10
12.00 134.30
12.25 127.70
12.50 123.10
12.75 116.40
13.00 110.50
13.25 104.50
13.50 99.10
13.75 94.80
14.00 89.60
14.25 84.50
14.50 80.10
14.75 75.00
15.00 71.90
15.25 67.90
15.50 63.70
15.75 59.90
16.00 55.90
16.25 53.30
16.50 50.00
16.75 46.70
17.00 43.60
17.25 40.80
17.50 38.00
17.75 36.20
18.00 33.30
18.25 31.10
18.50 28.70
18.75 26.70
19.00 25.00
19.25 23.00
19.50 21.20
19.75 19.60
20.00 17.90
20.25 16.60
20.50 15.10
20.75 13.20
21.00 11.90
21.25 10.80
21.50 9.80
21.75 8.50
22.00 7.40
22.25 6.60
22.50 5.50
22.75 4.40
23.00 3.60
23.25 2.20
23.50 -6.90
23.75 -13.90
24.00 -19.80
24.25 -2.50
24.50 -10.00
24.75 -11.90
25.00 -13.70
25.25 -11.20
25.50 -11.20
25.75 -11.10
26.00 -11.00
26.25 -10.90
26.50 -10.90
26.75 -11.00
27.00 -11.00
27.25 -11.10
27.50 -11.10
27.75 -11.10
